2.315753059
0.821789289
2.715569231
3.479525057
3.379350538
2.492604504
2.400215625
0.454111201
0.405755287
0.149968052
0.327368658
-0.255123312
3.21324966
0.824781269
1.174185556
1.971440008
1.146494862
1.296686305
2.008479962
1.534088824
2.309301095
1.798565245
1.150752888
-0.582301461
0.866823187
-1.276189228
0.264361239
0.561002797
-0.03700148
-0.773696202
0.031502688
-0.439763103
-0.646726419
-0.330845564
-1.151897619
0.542683006
0.989586343
1.095917957
1.222882329
0.173040924
0.720210758
1.58233653
0.465868114
-0.024113513
1.295728655
1.156782837
1.096091091
1.487978247
1.780115603
1.27436819
1.033513803
1.363843541
0.762561071
0.135235391
-0.152686683
0.371739775
0.849087725
-0.337943265
0.306286831
0.591769332
-1.173958737
-1.759640168
-2.156375088
-0.426412812
-1.606348536
-2.185748432
-2.650335832
-1.834626328
-2.495369665
-2.646207657
-1.386137728
-1.498385671
-2.168434986
-1.457093101
-1.594299459
-2.68724323
-2.497828715
0.774748114
-0.321204409
0.187778996
-1.23533761
-0.485900732
-1.524561438
-0.303315831
-0.828945032
-0.894511595
-1.628799207
-2.588386156
-2.048163343
-1.636116843
-1.354107852
-0.320982851
-1.119305056
-2.022920879
0.092432223
0.41848608
-1.317002972
-1.382585767
0.908645981
-0.041021987
0.408890643
-0.228460604
0.092615367
-0.224202849
0.998962656
0.199654938
-0.631355325
0.524138682
0.150979806
0.51004716
-1.111367923
-0.729227696
0.809534616
0.221729582
0.1782566
1.044261666
1.264807922
-0.037654792
0.472907112
0.597728945
1.176866435
0.334572675
-0.530174461
0.15096628
-0.230366166
0.399820021
1.029518184
-1.107077434
-0.007087091
-1.146868603
-0.264022965
-1.005553007
-0.901712907
-0.617683112
0.071903345
0.668478721
-0.953098675
0.932571
-0.133319294
0.087599878
0.349367556
2.148637722
1.781773907
0.541135617
-1.164468804
1.013749422
1.091243326
1.039927894
-1.544271715
-2.295472399
-2.378409218
1.910688747
2.122456544
1.781162526
0.66943096
1.721171434
1.166316053
2.077828431
2.190839248
1.497338329
-0.867770436
-0.408388433
0.90737723
-0.48144793
-0.666452927
0.44697211
0.52082478
-0.374373191
-0.532706553
-1.131048442
-1.853200409
0.354612989
-0.556499016
-0.231781269
0.474054128
-1.558831241
-1.449356155
-0.211267541
-0.737906061
-0.617109604
2.387774291
1.893334722
2.251915135
3.120487461
2.989689783
2.050529995
1.761779581
-0.227252992
0.077600551
0.063262041
0.285037281
-0.020340534
2.915999427
0.534900071
0.299870035
1.818535223
1.181857577
1.681702186
1.413038076
2.686163425
1.680189965
1.412507851
1.356620587
-0.259399463
-0.528140131
-1.65523197
0.226942553
0.216267731
-0.727507173
-1.111803464
-0.468021894
-1.169062278
-0.601654648
-0.54631384
-1.302981786
0.637655376
0.8535784
0.818334716
0.733623268
0.057835899
1.105207703
1.647142924
0.950365976
-0.268855851
1.303538642
1.222000425
1.131986735
1.215286054
0.769416114
1.43745274
-0.103226765
1.13163235
0.125381335
-0.35260559
0.187781701
0.550171072
1.172118763
-0.46720221
0.819170631
0.508702662
-1.50656898
-1.419928706
-2.167996739
-1.012597416
-1.164674401
-1.817664561
-3.382713554
-2.145854464
-1.987831392
-2.697934283
-2.783984817
-2.051531349
-2.799888841
-2.124978235
-2.150134132
-1.617228955
-2.210950318
0.260100508
-0.688422067
-1.049415542
-1.309612295
-1.129701239
-1.183732718
0.037017021
-1.379647891
-0.517091988
-1.722840978
-0.849331616
-2.079668405
-1.169562744
-1.249807864
-0.918934376
-0.096920342
-1.044546135
0.119868354
0.186245132
-1.150604521
-2.669118216
0.341595441
-0.32448152
0.340361858
-0.346315669
-0.089251838
0.181919476
0.641155938
0.054720561
-0.105228632
0.787089355
0.532565461
0.546121349
-0.538108889
-0.327330123
0.45738723
0.27443009
-0.010859258
0.57390402
0.150130365
0.730355355
-0.12398088
0.252382498
1.271616976
0.690466798
0.419781883
0.390370666
-0.18882742
0.261850789
0.522699502
-0.83986603
-0.622679665
-1.815746555
-0.326970328
-1.612638186
-1.453535729
-1.257920836
0.326816792
0.074357255
-0.974280594
0.780953903
0.33966932
-0.187251085
-0.266381922
2.055266846
0.933577344
-1.5311676
-1.147452932
0.517908546
0.486966171
-0.014553785
-2.518423601
-2.50040409
-2.380232541
1.67959211
1.623574995
1.677054608
-0.437409556
1.688121688
1.588415173
2.576493562
1.812142774
1.054812047
-1.561109041
-1.051241569
1.567357693
-0.347922573
-1.151735305
0.405971705
0.659524423
-0.703528049
0.09993138
-1.396195759
-2.767496465
0.488886882
-0.403822823
-0.03959471
0.271835778
-1.548145598
-1.958555436
0.490109644
-0.406712275
-0.422419899
-0.017070186
-0.045638184
-0.346871052
-0.459321887
0.860135868
0.379960957
0.559176769
-0.240589215
0.356033232
0.295157532
0.212117914
0.025965631
-0.668993134
0.020767269
0.295108838
0.685808399
0.568937225
0.518168248
0.088409281
0.619286891
-0.323605297
0.593500677
0.169391574
0.395762182
0.519934761
-0.073369727
0.038889849
-0.399625665
-0.199057773
0.02578898
1.289723053
0.558679008
0.415707813
0.675276954
0.332040583
0.330344406
-0.071346759
0.104192652
-0.035995677
-0.023179128
-0.2153151
0.649203986
0.791488053
-0.106100527
0.218816054
-0.317185255
0.108417133
0.452636853
-0.304127399
0.139122801
0.109909606
-0.071752002
0.368558429
-0.30006442
-0.389976394
0.464455986
0.267961895
-0.08572233
-0.379957589
-0.526617089
-0.139526218
0.586705149
0.133144251
1.212881108
0.202936377
-0.313727164
-0.177259333
-0.601294853
0.168214801
-0.182128469
1.619966224
0.411961075
1.106214047
0.338968667
0.573457657
0.248270554
0.65057824
1.299058788
0.071241105
-0.447483818
0.74261544
-0.154158732
0.599146484
0.035643307
-0.3502396
0.081121943
-0.039580913
-0.283982393
0.920624722
0.146867863
-0.445381857
0.259719071
-0.367413997
0.664964632
-0.087558096
0.331845807
-0.302587584
1.821140356
-0.139292243
0.511434941
0.302567146
0.2587506
1.925859655
0.162165916
0.584730334
-0.240455306
0.173581969
-0.047094949
0.376757969
-0.20573887
0.241940326
0.13648791
-0.166476356
0.026086014
0.346440501
-0.110039065
-0.064530671
-0.009509621
-0.060826405
0.056082371
-0.389959892
-0.488941406
-0.108329904
0.43578059
0.394682796
-0.518969415
0.494816737
-0.553060673
-0.812091474
-0.942467137
-0.271961721
0.453461947
1.404700569
0.397504347
1.074506093
0.710136496
1.077860573
1.661718682
1.016027222
0.816175945
1.130414999
-0.240766678
-0.434209274
0.037459596
-0.600342614
0.330176682
0.465419046
-0.198267036
-0.394012591
0.441342535
-0.164000641
-0.410193359
0.012824725
-0.468487193
-0.425920461
-0.245256541
-0.743316513
0.31016342
-0.234389648
-0.461258829
-0.619492908
-0.195430065
-0.165148902
0.050404373
-0.282557821
0.341508874
0.904128253
1.123651934
0.6186701
0.232891345
0.62723755
0.5542749
0.722061133
0.926973887
0.935379024
-0.153248207
-0.099286333
0.066847277
-0.205559784
0.016236286
0.063543385
-0.352310991
-0.266999254
0.712089669
0.403317878
-0.679451538
-0.359836659
-0.19945436
1.049301502
-0.500108579
-0.37399473
0.614990992
-0.437477187
-0.159610898
0.135278674
0.432680401
-0.772549186
-0.199233343
-0.452764419
-0.722494389
-0.161570645
0.316104097
-0.503847202
-0.197038322
-0.232067753
-0.356438084
-0.640858784
-1.421416581
0.738654989
-1.112631263
0.449441981
0.678396079
-0.422841914
0.130787999
0.167673756
0.14869389
-0.088747314
-0.643047311
-0.599000821
-0.519272401
-0.663214771
0.675230965
0.427648681
-1.283168711
-0.40816958
-0.484069294
-0.42817662
0.142131012
0.202522477
0.242210848
-0.201368307
-0.066814694
-0.862757652
-0.603318362
-0.019596867
-0.431495932
-0.267655813
-0.105883838
0.095660369
-0.627340769
0.017498274
-0.882216343
-0.531946384
-1.540400536
-0.92353326
-0.351423947
-0.472128427
-0.249869763
0.082225946
0.299921435
-0.413332233
-0.226115985
0.145517955
-0.254477575
-0.61196697
-0.194860615
-0.14890099
0.297105294
0.30626519
0.06621209
-0.000864259
0.990589982
0.083225257
-0.477701192
-0.205214597
0.346454027
0.09407186
0.147040997
-0.675607412
-0.434106475
0.187662671
-0.116152876
0.003477899
-0.03521549
0.090326745
-0.043361196
0.485721767
-0.265545466
-0.097045324
-0.463674596
-0.506525376
-0.457720393
-1.021405632
-0.517354395
-0.741198321
-0.707799601
-1.939597212
0.464236862
0.490042013
-1.333393937
-1.623615994
-0.787565895
0.335151593
0.249682682
0.040803796
0.175443165
0.261823737
0.259575694
-0.220608415
-0.17146041
0.31513292
0.137488844
-0.741525654
-1.511549301
-0.176360386
-0.520238166
-0.762104308
-0.543075684
0.550233292
0.339028182
0.328269498
0.583707759
-0.109409559
0.02415827
-0.323337479
-0.477676845
0.084121768
0.752827668
0.600650589
0.383696874
-0.286044586
0.369835296
0.951507582
-0.167950894
-0.308446022
-0.055255804
-0.093436823
-0.199453007
0.938411583
0.252087628
0.477346388
0.283084108
-0.201272813
0.458858873
0.291267417
-0.712825911
-0.134913456
0.568569314
-0.301453824
-0.319711936
-0.472296151
0.382806854
-0.187821617
-0.427613933
-0.399278314
-0.22948859
0.748512832
0.136247145
-0.059991032
-1.126073531
-0.253209635
-0.622966419
-0.244773658
-0.142433971
-0.666109363
-1.225149728
-0.190381573
-0.142743706