0.0909146
0.0356895
0.105694
0.133934
0.130231
0.097452
0.0940368
0.0220981
0.0203106
0.0108553
0.017413
-0.0041191
0.124091
0.0358001
0.048716
0.0781869
0.0476924
0.0532443
0.0795561
0.06202
0.0906761
0.0717965
0.0478498
-0.0162134
0.0373542
-0.0418633
0.0150839
0.0260494
0.00394388
-0.0232884
0.00647617
-0.0109444
-0.0185949
-0.00691821
-0.0372688
0.0253722
0.0418922
0.0458228
0.0505161
0.0117082
0.0319346
0.0638035
0.0225327
0.00442029
0.0532089
0.0480727
0.0458292
0.0603155
0.0711145
0.0524193
0.043516
0.0557268
0.0335001
0.0103107
-0.00033248
0.0190532
0.0366986
-0.00718058
0.0166337
0.0271867
-0.0380843
-0.0597343
-0.0743998
-0.0104509
-0.0540678
-0.0754856
-0.0926593
-0.0625062
-0.0869309
-0.0925067
-0.0459276
-0.0500769
-0.0748456
-0.0485505
-0.0536224
-0.0940236
-0.0870218
0.0339506
-0.00656182
0.012253
-0.0403532
-0.0126499
-0.0510445
-0.00590056
-0.0253307
-0.0277544
-0.0548977
-0.0903693
-0.0703997
-0.0551682
-0.0447436
-0.00655363
-0.036064
-0.0694666
0.00872846
0.0207812
-0.043372
-0.0457963
0.0389002
0.00379526
0.0204265
-0.0031335
0.00873523
-0.00297611
0.0422388
0.012692
-0.0180267
0.0246867
0.0108927
0.0241658
-0.0357706
-0.0216446
0.0352365
0.013508
0.011901
0.0439133
0.0520659
0.00391973
0.0227929
0.027407
0.0488151
0.0176793
-0.0142865
0.0108922
-0.00320394
0.0200912
0.0433683
-0.035612
0.00504968
-0.0370829
-0.00444808
-0.0318591
-0.0280206
-0.0175213
0.0079696
0.0300223
-0.0299201
0.0397846
0.000383445
0.00854983
0.0182262
0.0847371
0.0711758
0.025315
-0.0377335
0.0427854
0.04565
0.0437531
-0.0517731
-0.0795416
-0.0826074
0.0759412
0.0837693
0.0711532
0.0300575
0.0689356
0.0484251
0.0821196
0.0862971
0.0606615
-0.0267659
-0.00978462
0.0388533
-0.0124853
-0.0193241
0.0218342
0.0245642
-0.00852723
-0.0143801
-0.0364981
-0.0631928
0.0184201
-0.0152596
-0.00325625
0.0228353
-0.0523113
-0.0482645
-0.00249795
-0.0219654
-0.0175001
0.0935769
0.0752997
0.0885548
0.120662
0.115827
0.0811105
0.0704367
-0.00308886
0.0081802
0.00765017
0.0158482
0.00455976
0.113103
0.0250845
0.0163965
0.0725347
0.0489996
0.0674766
0.0575453
0.104607
0.0674207
0.0575257
0.0554598
-0.00427717
-0.0142113
-0.0558748
0.0137007
0.0133061
-0.021581
-0.0357867
-0.011989
-0.0379033
-0.0169288
-0.0148831
-0.0428537
0.0288829
0.0368646
0.0355618
0.0324304
0.00744959
0.0461662
0.0661991
0.0404424
-0.00462673
0.0534976
0.0504835
0.0471561
0.0502353
0.0337535
0.0584478
0.00149583
0.047143
0.00994644
-0.00772258
0.0122531
0.025649
0.0486396
-0.0119587
0.0355927
0.0241161
-0.0503794
-0.0471767
-0.0748294
-0.0321195
-0.0377411
-0.0618792
-0.119732
-0.0740109
-0.0681695
-0.0944188
-0.0975997
-0.0705242
-0.0981876
-0.0732392
-0.0741691
-0.05447
-0.0764172
0.0149264
-0.0201362
-0.0334805
-0.0430988
-0.0364483
-0.0384456
0.00668001
-0.0456877
-0.0138029
-0.058374
-0.0260843
-0.0715643
-0.0379218
-0.0408881
-0.0286572
0.00172895
-0.0333005
0.00974265
0.0121963
-0.037221
-0.0933536
0.0179389
-0.00668296
0.0178933
-0.00749007
0.00201242
0.0120364
0.0290123
0.00733443
0.00142183
0.0344068
0.0249982
0.0254993
-0.0145798
-0.00678826
0.0222192
0.0154561
0.00491024
0.0265263
0.0108613
0.0323096
0.000728644
0.0146411
0.0523176
0.0308351
0.0208291
0.0197419
-0.00166844
0.0149911
0.0246335
-0.0257344
-0.017706
-0.0618083
-0.00677496
-0.0543003
-0.048419
-0.041188
0.0173926
0.00806031
-0.0307031
0.03418
0.0178677
-0.00161017
-0.00453528
0.0812856
0.0398218
-0.0512887
-0.0371045
0.0244564
0.0233126
0.00477367
-0.0877831
-0.087117
-0.0826748
0.0673986
0.0653279
0.0673048
-0.0108574
0.0677139
0.0640282
0.100553
0.0722984
0.0443033
-0.0523955
-0.033548
0.0632498
-0.00754947
-0.0372628
0.0203186
0.0296913
-0.0206946
0.00900567
-0.0462994
-0.0969902
0.0233836
-0.00961585
0.00384802
0.0153602
-0.0519163
-0.0670873
0.0234288
-0.00972266
-0.0103033
0.00468065
0.00362462
-0.0075106
-0.0116674
0.037107
0.0193571
0.0259819
-0.00358184
0.0184726
0.0162223
0.0131527
0.00627149
-0.019418
0.00607933
0.0162205
0.0306629
0.0263427
0.024466
0.00857975
0.0282039
-0.00665057
0.0272507
0.0115733
0.0199412
0.0245313
0.00259951
0.00674924
-0.0094607
-0.00204661
0.00626496
0.0529869
0.0259635
0.0206785
0.0302736
0.0175857
0.017523
0.00267429
0.00916319
0.00398106
0.00445483
-0.00264757
0.0293098
0.0345694
0.0013896
0.0134003
-0.00641325
0.00931935
0.0220436
-0.00593056
0.0104544
0.00937452
0.00265931
0.0189356
-0.00578037
-0.00910401
0.0224805
0.015217
0.00214289
-0.00873366
-0.014155
0.000154003
0.0269995
0.0102334
0.0501464
0.0128133
-0.00628542
-0.00124082
-0.0169155
0.0115298
-0.00142081
0.0651945
0.02054
0.0462034
0.0178418
0.0265098
0.0144891
0.0293606
0.053332
0.00794512
-0.0112298
0.0327628
-0.000386895
0.0274594
0.00662923
-0.00763512
0.00831037
0.00384853
-0.00518589
0.039343
0.0107407
-0.0111521
0.0149123
-0.00826998
0.0298924
0.00207503
0.0175785
-0.00587364
0.072631
0.000162652
0.0242171
0.0164962
0.0148765
0.076502
0.0113062
0.0269265
-0.00357689
0.0117282
0.00357077
0.0192387
-0.00229358
0.0142551
0.010357
-0.000842222
0.00627594
0.018118
0.00124401
0.00292625
0.00496013
0.00306318
0.00738477
-0.0091034
-0.0127623
0.00130719
0.0214205
0.0199013
-0.0138723
0.0236028
-0.0151325
-0.0247077
-0.0295271
-0.00474154
0.0220741
0.0572371
0.0200056
0.0450313
0.0315622
0.0451553
0.0667379
0.0428696
0.035482
0.047098
-0.0035884
-0.0107391
0.00669637
-0.0168803
0.0175168
0.0225161
-0.00201738
-0.00925321
0.0216261
-0.000750706
-0.00985134
0.00578573
-0.0120062
-0.0104327
-0.00375437
-0.0221654
0.016777
-0.00335267
-0.011739
-0.0175882
-0.00191251
-0.000793152
0.00717488
-0.00513323
0.0179357
0.0387332
0.046848
0.0281811
0.0139206
0.0284978
0.0258007
0.032003
0.0395777
0.0398884
-0.000353237
0.00164149
0.0077827
-0.00228696
0.00591184
0.00766057
-0.00771169
-0.0045581
0.0316344
0.0202205
-0.0198046
-0.00798988
-0.00206127
0.0440996
-0.0131751
-0.00851324
0.0280451
-0.0108599
-0.000588437
0.0103123
0.0213059
-0.023246
-0.0020531
-0.011425
-0.0213957
-0.00066088
0.0169966
-0.0133133
-0.00197196
-0.00326684
-0.00786425
-0.018378
-0.0472317
0.0326164
-0.0358173
0.0219255
0.0303889
-0.0103189
0.0101463
0.0115098
0.0108082
0.00203107
-0.0184589
-0.0168307
-0.0138835
-0.0192044
0.0302719
0.0211199
-0.0421213
-0.00977653
-0.0125822
-0.0105161
0.0105656
0.012798
0.0142651
-0.00213202
0.00284182
-0.0265806
-0.0169903
0.00458725
-0.0106388
-0.00458237
0.00139761
0.00884779
-0.0178783
0.00595849
-0.0272999
-0.014352
-0.05163
-0.0288272
-0.0076789
-0.0121408
-0.0039249
0.00835118
0.0163984
-0.00996737
-0.00304683
0.0106908
-0.00409523
-0.01731
-0.00189146
-0.00019254
0.0162943
0.0166329
0.00775922
0.00527971
0.0419293
0.00838812
-0.0123468
-0.0022742
0.0181185
0.00878907
0.0107471
-0.0196625
-0.0107353
0.0122487
0.00101801
0.00544022
0.0040099
0.00865063
0.00370879
0.0232666
-0.00450436
0.00172433
-0.0118283
-0.0134123
-0.0116082
-0.0324451
-0.0138126
-0.0220871
-0.0208525
-0.0663865
0.0224724
0.0234263
-0.0439779
-0.0547061
-0.0238011
0.0177007
0.0145413
0.00681999
0.011797
0.0149901
0.014907
-0.00284324
-0.00102646
0.0169607
0.010394
-0.0220992
-0.0505635
-0.00120759
-0.0139192
-0.0228599
-0.0147634
0.0256513
0.017844
0.0174463
0.0268887
0.00126728
0.00620468
-0.00664067
-0.0123459
0.00842126
0.0331403
0.027515
0.0194952
-0.00526212
0.0189828
0.0404846
-0.000896729
-0.0060902
0.0032691
0.00185772
-0.00206122
0.0400005
0.0146302
0.022957
0.015776
-0.00212849
0.0222736
0.0160785
-0.0210383
0.000324516
0.0263291
-0.00583173
-0.00650665
-0.012147
0.0194623
-0.00163126
-0.0104953
-0.00944786
-0.0031715
0.0329808
0.0103481
0.00309406
-0.0363142
-0.00404836
-0.0177166
-0.00373652
4.65165e-5
-0.0193114
-0.0399766
-0.00172589
3.5067e-5
