-0.00298049
0.0421082
0.000472014
0.0106623
-0.00394602
-0.0165069
-0.0170714
0.100899
0.148474
-0.0454574
-0.0462379
-0.0698363
-0.0213925
0.0187856
-0.0698014
-0.0375633
-0.0450717
0.0296197
-0.0447848
-0.0189272
-0.0236614
0.0235663
0.0283709
0.0259974
-0.0146429
-0.0163635
-0.0453174
-0.0507615
-0.0449904
0.0171409
0.0662485
-0.0296057
0.0858056
0.0459725
0.0247947
0.0475467
0.0382485
-0.00583656
0.046869
0.0606986
0.0472671
0.0330649
-0.00600454
-0.0777806
-0.032787
-0.0669902
0.0216681
-0.0436915
-0.0361384
-0.0725501
0.0961865
0.0782842
0.131494
0.060658
0.0620508
0.0617894
-0.0159162
-0.0157002
-0.0323415
-0.0299873
-0.0196323
-0.0510999
-0.0658325
-0.0430684
0.00739273
-0.00683548
-0.0613422
0.00291708
-0.0215923
-0.0133719
-0.0545539
-0.0111774
-0.0738186
-0.0910211
-0.0523179
-0.0344019
-0.0686515
-0.0626755
-0.0511739
-0.0309628
-0.0874948
-0.119183
-0.0691065
-0.114362
-0.113274
-0.134522
-0.0380416
-0.00993127
-0.0233805
-0.0524659
-0.0642569
0.00240168
-0.0379904
0.00566673
-0.066456
-0.0259182
-0.0260226
-0.0771561
0.0593376
0.0843482
0.0636222
0.0780457
0.0389255
0.0724088
0.0535436
0.0351262
0.0324533
-0.052731
-0.0426135
0.0261099
-0.0721425
-0.00866124
0.00230217
0.00143204
0.0254618
0.0545222
-0.0197394
0.0585946
0.0102534
0.0587602
0.0166348
0.035191
0.0461689
0.0598822
0.08719
0.0207792
-0.00197654
0.0700974
0.0176651
0.000284463
0.0555523
0.0620829
0.0195827
0.0245449
0.032237
0.00640067
-0.0386362
0.00319864
-0.0319784
-0.0103684
-0.0117489
-0.0468473
-0.0403696
-0.0660369
0.00130712
-0.0485741
-0.0121952
-0.0458588
-0.048216
0.0107698
0.0158477
-0.029629
-0.0294102
-0.0221137
0.00636793
0.02469
0.0128328
-0.0527842
-0.0222464
-0.0431544
0.0346554
-0.038238
-0.0038394
0.0164488
0.0129903
0.03148
0.0246694
0.110186
-0.0756936
-0.0811074
-0.0799223
0.0055193
0.0296364
0.0473316
0.0816342
0.038886
0.0118308
-0.00137335
-0.0768125
-0.0282839
0.0176657
0.000669457
-0.00638373
0.0268965
-0.00605013
-0.0265234
-0.00564
0.101172
0.13397
-0.0337335
-0.0164306
0.00946607
-0.0103988
0.0329276
-0.0228975
-0.0406869
-0.0223498
0.034591
-0.0409854
-0.0446102
-0.0305365
-0.0411509
0.021238
0.0201299
0.0410783
0.0478573
-0.0184945
0.0253205
-0.00627867
0.0592558
0.0929639
0.0233636
0.127006
0.0865611
0.0649353
0.0545321
0.00870687
-0.00937304
0.0492133
0.0557642
0.0422156
0.0333361
0.0120991
-0.0445897
-0.0279814
-0.0563613
0.0275388
-0.0375919
-0.0308125
-0.0417731
0.0653036
0.0852857
0.134589
0.0548327
0.0843783
0.0417524
0.0106129
-0.0183283
-0.0327681
-0.0232613
0.0100341
0.00793679
0.00625975
0.0291589
0.0640012
0.0613368
0.0117204
0.0692452
0.0413978
0.0463089
0.0353366
0.03755
0.00163853
0.0048716
0.0500396
0.0245643
-0.0455519
-0.00999448
0.00841931
-0.0185077
0.0239716
-0.0332019
-0.028187
-0.0541932
-0.108959
-0.0622156
0.0352705
0.026587
-0.0686244
-0.0012631
-0.0314329
-0.0298939
-0.0116884
0.0292618
-0.0429561
-0.00846357
-0.000889118
0.0118511
0.0472371
0.0946443
0.0813106
0.0597795
0.0193489
0.049371
0.0394633
0.0332881
0.0474863
-0.0357141
-0.0325712
0.0178533
-0.0312105
-0.012052
-0.00879065
0.0026265
0.00805882
0.0123625
-0.011013
0.037369
0.0361829
0.0607459
0.0145545
0.0239372
0.0694428
0.0535211
0.0993158
0.0222735
0.000836538
0.0646797
0.0680807
0.0623266
0.0554624
0.0971944
0.0305352
0.000559096
0.0295281
0.0399661
0.0201532
-0.00349711
0.075221
0.0374637
0.0568968
-0.0319165
-0.0159625
-0.00269831
0.0170638
-0.0436754
0.0120223
-0.0517486
-0.0188071
0.0692381
0.053843
-0.0250112
-0.0253009
-0.0436392
0.0192136
0.0198481
0.00321163
-0.0689407
-0.017833
-0.0232239
0.0621519
-0.00118336
-0.00266998
-0.013399
0.0345517
-0.00423372
0.0048598
0.0548882
-0.00503817
-0.014977
-0.0238287
0.0207719
0.0294157
0.0408706
0.0537855
0.0883459
0.0263675
-0.0129754
-0.0367537
-0.0134865
0.0273902
0.00812699
0.00590762
0.0126838
0.000895948
0.0232705
0.000419853
-0.0112033
-0.0030938
-0.00572376
0.0162682
-0.00658988
0.0117079
0.00772154
-0.00652099
0.0260534
0.0470488
0.00682473
0.027544
0.0230216
-0.0192043
-0.0148391
-0.0241257
-0.0361111
0.0129976
-0.00714614
-0.00176758
-0.0190231
-0.00772474
0.00390681
0.028896
-0.00504875
-0.00992791
-0.0259041
-0.00627626
0.0209226
0.00749095
-0.0169366
0.00517154
-0.0197116
0.00199458
0.0171365
-0.0126804
0.0250822
-0.0143146
-0.0154009
0.00539209
-0.0177349
-0.01298
-0.00968405
-0.0203963
0.0167698
0.00444171
0.00630309
0.00215799
0.0405005
-0.0103559
-0.00872023
0.00403453
0.00818437
-0.0047237
0.0151844
-0.0137594
-0.00489379
0.0176701
0.0113763
0.0267349
0.00107973
-0.00426791
-0.0113545
0.00492927
0.0154678
-0.058775
-0.0192182
0.0388281
0.00460404
-0.0139541
-0.0360072
0.0288805
0.0086269
0.00859733
0.0243544
-2.59956e-5
0.0298989
-0.0031342
0.00475811
0.0499196
-0.00413929
0.0495612
0.0279268
0.0113378
0.000679002
0.00374399
0.0490016
0.0410353
-0.00315679
0.021876
0.0470158
0.0119948
-0.00166581
0.00790153
-0.00620975
0.0691558
0.00630496
0.00842186
-0.00396223
0.00795317
0.051044
0.0367997
0.0452594
0.0701402
0.0158674
0.0279169
0.0182597
-0.00790544
0.0361548
0.0127437
0.0068121
0.0278971
0.0134797
0.0151367
0.0199286
0.00990272
0.0157593
0.0239421
-0.00686795
0.00723955
-0.000180251
-0.0217465
-0.0346752
-0.0291369
0.0104166
-0.018626
-0.00143652
-0.0601932
0.00031259
0.0496129
0.00694875
0.0378203
0.00692824
-0.0431954
-0.0169362
-0.0069776
0.00560459
0.00369185
-0.00189816
0.00320853
0.000597162
0.0039477
-0.0103851
-0.011226
0.00396011
-0.0295451
-0.0219685
0.00337817
0.00383998
-0.0100716
-0.0295361
-0.00236448
0.0193532
0.0220467
-0.00133453
-0.00427524
-0.00360335
0.0187324
0.01938
-0.0400945
-0.0219539
0.0100318
-0.0535991
-0.120014
-0.00923695
-0.00666781
0.0200684
0.00888753
-0.018355
-0.0842071
-0.0272763
0.00657454
-0.0105159
-0.0131246
-0.00923481
-0.0237574
0.0201633
0.0134955
0.00328183
-0.0162342
-0.0341596
0.0267976
-0.00849067
0.0425408
0.0139689
0.03022
0.0137266
-0.0447867
-0.01249
-0.000421038
0.00745819
-0.0116179
-0.00840357
0.00878008
-0.00108875
0.00575864
-0.0211601
0.0103066
-0.00336157
0.000598121
-0.0336431
-0.0150696
-0.0897998
-0.0542344
-0.00106499
-0.0226443
-0.00305601
0.0134506
-0.0128069
-0.00349607
-0.00363591
-0.00630227
-0.0169736
0.000293745
-0.00184517
-0.00866989
-0.0408007
-0.0303986
-0.0119199
-0.0253743
-0.0154757
-0.00460008
-0.0209271
-0.0108812
-0.0122105
-0.0123859
-0.00763264
0.00785489
0.00478369
-0.0164365
-0.00897613
-0.00124926
-0.0200953
-0.00903412
-0.0174661
-0.00451408
-0.0164092
-0.0412052
0.0110675
0.00382494
-0.0224985
0.020709
0.00120474
0.0222781
0.00543247
0.00586565
0.0111329
0.00781746
-0.0075384
0.00360122
-0.0101029
0.0105739
0.00602049
0.0398828
0.0137397
0.00766112
0.00261877
0.00041139
0.00313126
-0.00131052
0.000623862
-0.00242954
0.0126809
-0.0043303
0.00498616
0.0187679
0.00338823
-0.0022548
0.0109785
0.0210597
0.0195181
0.0149736
-0.0102081
0.0162586
-0.00494592
0.0132927
-0.0111181
-0.000250846
-0.0145996
-0.02836
-0.00624521
0.0201819
0.0390875
0.0215192
-0.00686028
0.00123443
0.0139384
-0.00182267
0.00702103
0.00500239
0.00845032
0.0623986
0.0043734
0.0638028
0.0210997
-0.0241203
-0.00199267
-0.012228
-0.00826727
-0.0144385
-0.0192375
0.0240526
0.0221656
-0.00232673
-0.000991963
-0.010264
0.0157366
0.000280663
0.0159601
0.0181493
-0.014773
-0.036959
-0.00873594
-0.0592668
-0.0104499
-0.0103271
-0.00756378
-0.000339858
-0.0148827
0.010539
-0.0130271
0.0177172
-0.00433221
-0.00924665
0.0137768
0.00845366
-0.019528
0.023687
-0.00665748
0.0208084
-0.00613457
0.0106055
0.0113534
0.00434976
0.0161902
0.010024
0.0129746
-0.00612637
0.00721066
0.010134
-0.00789038
0.011374
0.0118139
0.0142473
0.0131371
0.0181831
-0.0113027
0.0228397
0.0175592
-0.00997051
-0.0270743
