-0.161533815
1.049803997
-0.068779986
0.204988863
-0.187473424
-0.524929865
-0.540095535
2.629258157
3.907392349
-1.302704409
-1.323673064
-1.957659862
-0.656184777
0.42322675
-1.95672225
-1.090624134
-1.292342321
0.714292092
-1.284634561
-0.589952844
-0.717140293
0.551663453
0.680742245
0.61697658
-0.474852259
-0.521077329
-1.298943216
-1.445202603
-1.290158142
0.379040785
1.698349301
-0.876837888
2.223763872
1.153621001
0.58466524
1.195912936
0.946110575
-0.238264045
1.177706073
1.549247526
1.188401295
0.806849694
-0.24277694
-2.171088795
-0.96230564
-1.881197482
0.50066704
-1.255262325
-1.052343242
-2.030567914
2.502653693
2.021696431
3.451213293
1.54815678
1.585575283
1.578552597
-0.509060315
-0.50325733
-0.950336984
-0.887089827
-0.608895827
-1.454293946
-1.850095098
-1.238522327
0.117149678
-0.265100699
-1.729460185
-0.003091652
-0.661552537
-0.440705994
-1.547087966
-0.381749284
-2.064647015
-2.526803682
-1.48701633
-1.005691008
-1.925829418
-1.765280181
-1.456282005
-0.913297287
-2.432067274
-3.28339196
-1.938053297
-3.153872571
-3.124642723
-3.695484453
-1.103473983
-0.348271168
-0.709593726
-1.490992449
-1.80776555
-0.016938218
-1.102098461
0.070779534
-1.866845842
-0.777770734
-0.78057551
-2.154311185
1.512683351
2.184609846
1.627791995
2.015288969
0.964298633
1.86384988
1.357023666
0.862227897
0.790418651
-1.498114538
-1.226301134
0.619998968
-2.019617468
-0.314150962
-0.019611621
-0.042988245
0.602587328
1.383314409
-0.61177314
1.492722159
0.194003491
1.497171113
0.36544407
0.863968793
1.158897418
1.527314394
2.260956704
0.476786147
-0.134562026
1.801752573
0.393123768
-0.073818669
1.410988734
1.586437671
0.444641375
0.577954196
0.784607607
0.090497323
-1.11944831
0.004472645
-0.94058206
-0.360014958
-0.397103013
-1.340045003
-1.16601726
-1.85558644
-0.046344304
-1.386436639
-0.409093161
-1.313488289
-1.376816043
0.207876922
0.344298102
-0.877463858
-0.871585649
-0.675560297
0.089617741
0.581852405
0.263300797
-1.499543792
-0.679125371
-1.240832774
0.849579541
-1.1087504
-0.184609006
0.360447055
0.26753214
0.764270296
0.581298972
2.878759623
-2.115020144
-2.260465502
-2.228626998
0.066818728
0.714740749
1.190134131
2.111696421
0.963237439
0.236381397
-0.118356924
-2.145080141
-0.841326847
0.393139888
-0.063475547
-0.252964133
0.641131503
-0.244001746
-0.794029837
-0.232983329
2.636592485
3.517732689
-0.987733995
-0.522880015
0.172851344
-0.360831674
0.803161038
-0.696617608
-1.174541737
-0.681903282
0.847849391
-1.182561139
-1.279943815
-0.901844452
-1.187007407
0.489112116
0.459342269
1.022135045
1.204257413
-0.578328069
0.598791209
-0.250141626
1.510485739
2.416076389
0.546217782
3.330640172
2.244060885
1.663069305
1.383580379
0.152454928
-0.333273946
1.24068726
1.41668157
1.05268937
0.814135664
0.243589456
-1.279393069
-0.833199982
-1.595644975
0.658387322
-1.091392492
-0.909259377
-1.203723226
1.67296393
2.209796411
3.534362538
1.391656199
2.185418503
1.040245192
0.203661699
-0.573862995
-0.961797879
-0.706391339
0.18811185
0.131766214
0.086711413
0.701912392
1.637974083
1.566393196
0.233415427
1.778857651
1.030718626
1.162658612
0.867880434
0.927344905
-0.037440753
0.049417835
1.262886362
0.57847539
-1.305243215
-0.349969347
0.144729436
-0.578682696
0.562552108
-0.973452206
-0.838723563
-1.537397519
-3.008717362
-1.75292466
0.866104613
0.632816579
-1.925101358
-0.115394984
-0.925926838
-0.884580573
-0.39547764
0.704676869
-1.235505312
-0.308840426
-0.105347707
0.23692677
1.187595325
2.461221459
2.103002691
1.52455529
0.438360181
1.244923976
0.978746989
0.812846112
1.19429025
-1.040944139
-0.956508028
0.398179887
-0.919951913
-0.405245998
-0.317627649
-0.010898278
0.135044631
0.250665873
-0.377332568
0.922482219
0.89061685
1.550518272
0.309555419
0.561627929
1.784166307
1.356419188
2.58672443
0.516931516
-0.058986805
1.65620244
1.747572579
1.592984835
1.408573511
2.5297316
0.738887612
-0.066440469
0.711831197
0.992255048
0.459968239
-0.175413156
1.939401514
0.925026398
1.447109626
-0.938919075
-0.510304195
-0.15395286
0.376969442
-1.254829788
0.241526172
-1.471721705
-0.586726277
1.778666904
1.365067247
-0.753403572
-0.761186557
-1.253857251
0.434725256
0.451771523
0.00482163
-1.933598969
-0.560556429
-0.705386563
1.588291402
-0.113252715
-0.153191756
-0.441434053
0.846793571
-0.195202677
0.04910082
1.393147244
-0.216814764
-0.483828079
-0.721634919
0.476590028
0.708811496
1.016555045
1.363522471
2.29201073
0.626919564
-0.430053756
-1.068873688
-0.443784799
0.654395084
0.136876064
0.077251205
0.259297812
-0.057390715
0.543716588
-0.070181326
-0.382445104
-0.164577963
-0.235233598
0.355595115
-0.258502491
0.233079606
0.125983379
-0.256651715
0.618481058
1.18253652
0.101889978
0.658527024
0.537029723
-0.59739732
-0.480123303
-0.729614023
-1.051609809
0.267728259
-0.273446788
-0.128948176
-0.592529261
-0.288991264
0.023498106
0.694849408
-0.217099003
-0.348180899
-0.777391928
-0.25007688
0.480638684
0.119788424
-0.536474043
0.057475923
-0.611026274
-0.027875232
0.378922576
-0.422128384
0.59238912
-0.46603226
-0.495216436
0.063401147
-0.557920907
-0.430177338
-0.341629437
-0.629421198
0.369070935
0.037868552
0.087875771
-0.023485113
1.006612061
-0.359679137
-0.315735768
0.026929389
0.138417616
-0.208366317
0.326478104
-0.45111644
-0.212935899
0.393258097
0.22417095
0.636790011
-0.052453289
-0.196121214
-0.386507194
0.050967178
0.334091834
-1.66049064
-0.597770753
0.961681917
0.042229656
-0.456347186
-1.048818466
0.69443299
0.150306481
0.149512063
0.572836286
-0.082159347
0.721792987
-0.165663336
0.04636885
1.259662482
-0.192665752
1.250033826
0.668811202
0.223136622
-0.063219115
0.019123838
1.234999798
1.020979821
-0.166270232
0.506252413
1.181649953
0.240787367
-0.126214057
0.13081893
-0.248290044
1.77645586
0.08792601
0.144797944
-0.187908916
0.132206274
1.28987024
0.907187594
1.134463092
1.802902424
0.344827355
0.668545231
0.409098095
-0.29384589
0.889861924
0.260907066
0.101550665
0.668013291
0.280680198
0.325196611
0.453934209
0.184582238
0.341923177
0.561759571
-0.265973027
0.113034395
-0.086303521
-0.665695224
-1.013033396
-0.864243262
0.198387968
-0.581860904
-0.120054028
-1.698591532
-0.073063018
1.251422781
0.105221859
0.934606696
0.104670844
-1.241934267
-0.536463297
-0.268918848
0.069110101
0.017723062
-0.132456295
0.004738347
-0.065417801
0.024596643
-0.360463614
-0.383054955
0.024930046
-0.875209828
-0.671659402
0.009295839
0.021702673
-0.352041227
-0.874968037
-0.144984294
0.438475704
0.510838383
-0.117313998
-0.196318139
-0.178267365
0.421797496
0.439195704
-1.158626514
-0.671267163
0.188050059
-1.521436625
-3.305717331
-0.329617797
-0.260596132
0.45769003
0.15730848
-0.574580308
-2.343741015
-0.814256999
0.095168457
-0.363977644
-0.434062114
-0.329560304
-0.719719397
0.460239582
0.281104676
0.0067076
-0.517603598
-0.999181457
0.638474488
-0.309568485
1.061426085
0.293822883
0.730419553
0.287313332
-1.284685605
-0.41701316
-0.092772425
0.118908305
-0.393583611
-0.307228486
0.154421764
-0.110710954
0.073248757
-0.649941195
0.195432744
-0.171771784
-0.065392037
-0.985305339
-0.48631584
-2.493992641
-1.538504384
-0.110072626
-0.689815221
-0.16356271
0.279898407
-0.425526891
-0.175385216
-0.179142111
-0.250775656
-0.537468073
-0.073569302
-0.131032683
-0.314383351
-1.17759905
-0.898139676
-0.401697043
-0.763158497
-0.497225988
-0.205045183
-0.643681495
-0.373791673
-0.409504206
-0.414216444
-0.286516936
0.129565916
0.047056074
-0.523038522
-0.322610693
-0.115023163
-0.621334631
-0.324168633
-0.550699415
-0.202734736
-0.52230509
-1.188466213
0.215874832
0.021298614
-0.685898206
0.474900177
-0.049094812
0.517055098
0.064485982
0.076123653
0.217631847
0.128560334
-0.283985115
0.015288226
-0.352882123
0.202613938
0.080283533
0.990017138
0.287665272
0.124360155
-0.01110595
-0.07040869
0.002662437
-0.116668954
-0.064700488
-0.146732174
0.259219902
-0.197797363
0.052495566
0.422751228
0.009566108
-0.142037667
0.213483787
0.484321967
0.442905852
0.320814821
-0.355708391
0.355337205
-0.214336406
0.275656318
-0.380156149
-0.088200103
-0.473688975
-0.843371324
-0.249242701
0.460739283
0.968650871
0.496666742
-0.265766968
-0.04829717
0.29300348
-0.130428206
0.107163709
0.052931595
0.145562541
1.594919163
0.036033358
1.632643935
0.485396594
-0.729468948
-0.13499537
-0.409974355
-0.303566695
-0.469360916
-0.598289261
0.564728228
0.514032711
-0.143970115
-0.108110707
-0.357210182
0.341313326
-0.073920758
0.347317803
0.406132125
-0.478347482
-1.07438921
-0.316157828
-1.673703176
-0.36220451
-0.358905405
-0.284666966
-0.09059147
-0.481294646
0.201676326
-0.431442711
0.39452347
-0.197848676
-0.329878394
0.288661988
0.145652272
-0.606093737
0.554906139
-0.26031861
0.477570625
-0.246270283
0.203462893
0.223555727
0.035398254
0.353499593
0.187840506
0.267110349
-0.246049985
0.112258246
0.19079573
-0.293441293
0.224109159
0.235927367
0.301302285
0.27147602
0.407040185
-0.385115552
0.532142858
0.390278694
-0.349325377
-0.808830134