0.0765592
0.0139535
0.0410318
0.114681
0.0963233
0.101596
0.0532678
-0.0210805
0.0596803
0.0206583
-0.029805
-0.0196148
0.0948087
-0.0191726
-0.021555
0.0751998
0.000337201
0.0247736
0.0503667
0.0587296
0.0335642
0.0314143
0.021625
-0.00358892
-0.0742261
-0.00396012
-0.0377742
-0.0734541
-0.0177971
0.012088
0.0327103
-0.0365285
0.0565944
0.0152969
0.0188669
0.0073869
-0.058344
-0.0922952
-0.004029
-0.0231725
-0.0261343
-0.0806807
-0.0391105
-0.0104579
-0.0849774
-0.0439779
-0.0553569
-0.000429934
-0.0102592
-0.0358098
-0.017658
-0.0505471
0.00841366
0.0380496
0.0144819
-0.000325752
-0.0721677
-0.0122778
-0.0741013
-0.0478993
0.0131482
0.0299886
-0.00761336
0.0284897
0.0136927
-0.00694508
0.0370045
0.0412913
0.0471738
0.023925
0.0381908
0.0639801
-0.0272476
-0.0303168
-0.0143652
-0.0585626
-0.0317897
-0.0547234
-0.0598741
-0.0303608
-0.0661117
-0.0471993
-0.0145063
-0.0176949
0.0157018
-0.0244525
0.029441
0.0290434
-0.00321339
0.00525837
-0.0488386
-0.0234252
-0.038584
-0.00557767
-0.0250118
-0.0323429
0.0245231
-0.00710007
-0.0540581
-0.00479507
-0.0167148
-0.0094938
-0.0150267
-0.0257791
-0.0722427
-0.0478259
-0.0117218
-0.0469199
-0.0537145
-0.0435562
-0.0623504
-0.03011
-0.0856655
-0.0449755
-0.0422964
-0.0675311
-0.0648186
-0.0201469
-0.0276449
-0.019779
0.0372704
-0.069098
-0.0332007
0.0097708
-0.0376019
0.013684
-0.0190698
-0.0426469
-0.0466192
-0.0640176
-0.0295312
-0.0153837
-0.0281019
-0.0687344
-0.0632766
-0.0223025
-0.0429079
-0.0145335
-0.0169607
-0.0349871
-0.0716473
-0.00049996
-0.0248843
-0.0306642
0.0124474
-0.0194675
-0.0890654
-0.110193
0.000171176
-0.0327432
0.0476956
0.0926094
0.0531149
0.0177588
-0.0104173
0.0398284
-0.03004
0.0595561
0.0156328
0.00603256
-0.00949801
-0.0193554
0.025266
-0.0091483
0.00964578
-0.00315226
-0.0631982
-0.00515446
-0.047406
0.00132505
-0.00734051
-0.0613951
-0.00954877
0.00243953
-0.00434721
-0.030136
-0.0203027
-0.0483065
-0.0242964
0.00966994
0.0625562
0.00675947
0.0511873
0.10331
0.0895154
0.0988345
0.0579513
0.00115061
0.083326
-0.0309579
-0.0219865
-0.0159363
0.0994733
-0.0339029
-0.0314882
0.0306201
-0.0372557
0.000997408
0.00917732
0.0819096
0.078491
0.0575998
0.0457851
-0.0267269
-0.0708567
0.00956072
-0.0723691
-0.0431113
-0.0397939
0.00389171
0.00979495
-0.0199601
0.0303032
-0.0147544
-0.0079182
0.0113136
-0.0398638
-0.0716941
0.00142116
-0.0174468
-0.0761958
-0.0827361
-0.0366683
-0.0710379
-0.0553036
-0.00780736
-0.0361485
-0.0605308
0.0230637
-0.0450449
0.028362
-0.0585378
0.0438606
0.0430749
-0.0166868
-0.014729
-0.0946566
-0.0376743
-0.0685284
-0.027044
0.0146905
0.0103148
-0.0104841
0.0420613
0.00937972
-0.0229847
0.0323624
0.0381467
0.0247978
0.0382522
0.0557659
0.0651975
-0.0083128
-0.0874218
-0.0332074
-0.0625701
-0.0387368
-0.0521608
-0.0698596
-0.016453
-0.0852536
-0.107956
-0.0604067
-0.0593694
-0.00559341
-0.00936156
0.037837
-0.0459279
-0.018842
-0.0538075
-0.0357379
-0.0281113
-0.0700978
-0.0175077
-0.0378668
-0.0552621
-0.0155126
0.0286258
-0.0453466
-0.026866
-0.0371616
0.0282869
-0.04765
0.00464975
-0.0569441
-0.0543254
-0.0277042
-0.0533805
-0.0641853
-0.0588671
-0.0621905
-0.0424966
-0.0512846
-0.0287472
-0.0274206
-0.0683723
-0.070797
-0.0280709
-0.0246435
-0.0377114
0.0277206
-0.0662708
-0.0219227
-0.0212026
-0.0472351
-0.0304293
-0.0499118
-0.0247655
-0.0358756
-0.0226388
-0.0118223
0.0108597
-0.0479015
-0.0599361
-0.0844976
-0.0814877
-0.0921383
-0.0207057
-0.0501913
-0.0490472
-0.0735429
0.00684643
-0.0476351
-0.045002
-0.00375987
-0.0239726
-0.0825981
-0.109391
-0.00389191
-0.0287517
0.0366213
0.114079
0.0115861
0.0358767
-0.0135009
0.0676578
-0.0493064
0.0570285
0.0614741
0.0228849
-0.000182336
-0.0413831
-0.0152935
-0.0284123
0.0351349
-0.014776
-0.0722572
0.0121303
-0.0452709
-0.004512
-0.0258392
-0.0722456
-0.0238155
-0.0249691
-0.042132
-0.0312152
-0.0387369
-0.0683604
-0.000363514
-0.012173
-0.00847856
0.00719494
0.0154391
-0.011958
0.00510316
-0.017675
-0.00389859
-0.013249
-0.0243963
-0.05668
-0.00358581
-0.0321845
0.043158
-0.00988403
-0.0623095
-0.0338185
-0.0321318
0.0198981
-0.0337846
-0.0683826
-0.0082034
-0.0203813
-0.0100228
-0.0352286
-0.02084
-0.0172336
-0.0128634
0.0137219
0.0177187
-0.00366066
-0.0195834
-0.0167812
0.0388559
0.00145609
0.0290992
-0.0302932
-0.0239035
-0.00833096
-0.0083948
-0.0111002
-0.0237346
-0.0478601
-0.0628743
0.00799906
0.00541634
0.00700274
-0.00827539
-0.00819827
-0.0210024
0.00530481
0.00552997
-0.00247276
-0.0252379
0.0166448
0.0460806
0.0154239
-0.0635443
-0.0144069
-0.0187125
-0.0150123
0.0418806
0.023399
-0.00871739
-0.02019
-0.0274971
-0.00249831
-0.0176571
-0.0106058
-0.0144582
-0.0100933
-0.0749115
-0.00206354
-0.0236726
-0.0225456
-0.034129
-0.0126986
-0.0197066
-0.0110833
0.0217089
0.017067
-0.0514746
0.00828215
-0.00848418
-0.0134607
0.00553979
0.00107898
0.0236794
0.0100653
-0.0586741
0.025394
0.025453
0.031414
-0.00161564
-0.0270484
-0.00956106
-0.0282816
0.0379602
-0.060584
-0.0135518
-0.055762
-0.00345258
-0.0238551
-0.0379952
-0.00516651
-0.0612968
0.00101308
-0.0226888
-0.00525482
-0.00456173
0.00910385
-0.0437195
0.00948041
0.0390236
-0.0221584
-0.023033
-0.00758788
-0.0179362
-0.0440584
-0.01488
-0.0116579
0.0207761
0.00852141
0.00217641
-0.00605065
0.00930302
-0.0298524
-0.0248536
-0.00865582
-0.00461125
0.00986365
-0.019087
-0.00443362
-0.0587573
-0.0248658
-0.0041276
-0.0132332
-0.0519714
-0.0286574
-0.0311142
-0.0280209
-0.0509502
0.000872125
0.0103013
-0.0246408
0.0435908
-0.0248127
-0.0199607
-0.00909339
0.0330408
-0.011515
-0.00235789
-0.0249062
-0.0325224
-0.0117895
-0.0138568
-0.0285679
0.0418355
-0.0198476
0.00884241
-0.0078967
-0.00549808
0.00303383
0.0153601
-0.0207228
-0.0419745
-0.02219
-0.0265064
-0.0530592
-0.0353714
0.016404
0.0120339
-0.0389256
-0.0480038
-0.00834103
-0.064274
-0.0168419
0.0120042
-0.0312627
0.0199698
-0.0309769
-0.0390019
0.00721743
0.00516637
-0.0538108
-0.0284344
-0.0101665
-0.00154236
0.011191
-0.0302613
0.0140567
-0.024181
-0.0255464
-0.0133347
-0.0316624
-0.0154009
-0.038614
-0.00255114
-0.0407259
-0.0250139
-0.0382687
-0.0099224
-0.0184114
-0.0093523
-0.0210398
-0.00455745
0.00329718
-0.0154478
-0.00374465
0.00476119
0.0113599
-0.0172487
-0.0388571
-0.0290933
-0.0176551
-0.0095847
-0.0223952
-0.00782499
-0.0152943
-0.00500329
-0.00630703
-0.0134502
-0.0142137
-0.00816846
0.00351087
0.0314929
-0.00998408
-0.00146541
-0.0159137
-0.0234935
0.000810199
-0.00820774
-0.0318349
-0.0107004
-0.0234301
-0.0136488
-0.00757533
-0.0505674
-0.00183129
-0.00175483
0.0201221
-0.0353988
0.00813183
-0.00645884
-0.0130058
0.0632516
0.0100049
0.0128615
0.00999958
-0.00489004
0.020355
-0.0124598
-0.022598
-0.0339317
0.0107283
-0.0327798
-0.0310767
-0.00733218
-0.000549479
-0.0061406
0.00499757
0.019196
-0.0157885
0.00294065
0.00944649
-0.00897449
0.0136028
-0.0157084
0.0190881
-0.00960376
-0.0286142
-0.0309794
-0.0254275
0.0118173
0.0117476
-0.0101863
0.0111435
0.00508354
0.00906278
-0.0301973
-0.0472558
-0.00196483
0.00927737
0.00805023
-0.00743868
0.0574444
-0.00588489
0.0374886
0.0116298
-0.00400504
0.00584996
0.0529569
0.00304839
-0.0335632
0.0557266
-0.0219287
0.0306131
-0.0531951
-0.00204888
-0.00583844
0.0100811
-0.00771862
-0.0327937
-0.0234058
0.0784627
-0.0167334
-0.0175842
0.0471917
0.0225062
-0.0110341
-0.0448878
-0.0246692
-0.0371992
-0.00634567
-0.0344931
-0.0257029
-0.0391238
-0.0310965
-0.0328537
-0.0159289
-0.00873061
0.00598814
-0.0504254
-0.0207801
-0.0197587
0.0141375
-0.00941775
-0.0406044
-0.0757305
0.0350721
0.00721394
0.0401495
0.0220904
0.0101931
-0.0498286
-0.030057
0.0225361
0.0263485
0.0319037
0.0102721
0.0151924
-0.0151163
-0.0092501
0.0211124
-0.00452339
-0.0114185
-0.00270951
0.0216027
-0.0268185
0.0278053
0.0117722
0.00117206
0.0230667
0.0183587
-0.0106624
0.0195841
0.0552891
0.0137846
0.0132107
