0.088796
0.00131688
0.0333055
0.0447218
0.043444
-0.00213001
0.00908839
0.00672449
0.046045
0.00280961
0.0508984
0.0550522
0.0462637
-0.0129287
-0.073148
0.0455657
0.00116454
0.0167255
0.0455514
0.0231151
-0.0292219
-0.024112
0.0421703
0.00229631
0.0311668
0.113572
0.00972742
0.0688081
-0.0176604
-0.0233346
-0.0141765
0.0190302
-0.0642885
-0.0543276
-0.0517284
0.0330117
0.00694534
0.0142798
0.017354
-0.0188284
-0.0170257
-0.0125245
0.0113003
-0.0323915
-0.00248788
-0.00272368
-0.0290324
0.0415064
-0.00300966
-0.0182631
-0.00152031
-0.0437969
0.0342783
-0.0201971
-0.0559801
0.0560897
0.0295732
0.0812561
0.0459696
0.0394898
0.0733938
0.0716053
0.0366331
0.0825554
0.0325311
-0.00361995
-0.0223616
-0.0662536
0.129638
0.0795776
0.0475061
0.0336634
-0.0237234
0.0957791
0.138912
0.0755182
-0.0576939
0.019131
0.0763917
0.0415421
0.0809479
0.0573642
-0.0229646
-0.0173004
-0.00765346
0.0379657
0.0334553
-0.0438995
-0.0266104
-0.0197058
-0.0934957
-0.0366354
-0.0242121
0.0269753
0.00845929
-0.0404735
-0.0821869
-0.0399127
0.00777198
0.0121575
0.00399265
0.0390358
-0.00450914
0.0173174
0.0117678
0.026553
0.0337613
0.052051
0.0434126
0.0658114
0.0611961
0.0852669
-0.000582335
0.0441726
-0.0428289
-0.00476978
-0.0510971
-0.112992
0.00783356
-0.0326557
0.0512758
-0.0994412
0.0292098
0.0266505
0.0387934
0.00875493
-0.0115088
0.0588511
0.0615167
0.0217189
-0.0268883
-0.0416362
-0.0187562
-0.076833
-0.0282715
0.0226983
-0.0548337
0.0391731
0.0306588
-0.00655359
0.0101624
-0.0252194
-0.0247863
-0.0879519
-0.0745743
-0.0202076
-0.0289224
-0.00787226
-0.052283
-0.0205861
-0.0721397
0.0209994
0.0322314
0.0238974
-0.0134556
-0.000855614
-3.33982e-5
0.000193232
0.0291365
0.0473364
-0.0191411
-0.00491895
0.0136259
0.0225704
0.0252827
-0.0286658
0.0103224
0.0392199
0.117497
-0.0280678
0.01033
-0.110581
0.0326352
0.00367356
0.00435486
-0.018862
-0.0662148
0.0174842
0.0746938
0.0971128
0.0837308
0.0217189
0.0540723
0.0437491
0.0216463
0.00212991
0.0109868
-0.0156472
0.0532447
0.0261343
-0.0478375
0.0211274
0.0311807
-0.0124861
-0.0613601
0.00899296
-0.0518846
0.0248646
-0.000172518
0.0120979
0.00306504
0.00871154
-0.00424829
0.0228873
0.06403
0.108039
-0.0270505
0.0478911
-0.0461697
-0.0545687
-0.0212255
0.0371685
-0.0350531
-0.0373347
-0.0178848
0.0293918
0.0292201
0.0472691
0.0491989
-0.00538532
-0.000515632
0.0231487
-0.011764
-0.0451128
0.00788858
-0.0102423
-0.0191362
0.000362114
-0.014258
-0.0737121
0.00500693
-0.0310204
-0.00288795
-0.0217362
0.00927405
0.0103746
0.0505293
0.0253996
0.0466267
0.0286702
0.0990154
0.119551
0.0612107
0.0863673
0.0415997
0.0268598
-0.00358696
-0.0519454
0.108262
0.0250739
0.0611176
0.047103
-0.0010301
0.0953488
0.13088
0.0879607
0.00328591
0.00708779
0.0549759
0.0261682
0.0484566
0.0596162
-0.0703168
-0.0458339
-0.0408245
0.0834732
0.0636311
-0.0414437
-0.0468841
0.000670645
-0.0647089
0.0293112
-0.0511858
0.122641
-0.00419587
-0.0302675
-0.0300007
-0.0324343
-0.0235898
0.0182745
0.000407975
0.0408887
0.0348483
0.00210065
-0.0331281
-0.000689958
-0.0138964
0.0526267
0.0209977
0.0172541
0.0868278
0.0552303
-0.0529959
0.00320521
-0.0659935
0.00559163
-0.029817
-0.058873
0.0255712
-0.0171554
0.0654435
-0.0324071
0.0375132
0.00423206
0.0246464
0.0179047
0.0222455
0.0350993
0.0425525
0.0613729
0.0112411
0.0191022
-0.00109896
0.0184807
0.0270928
0.061879
-0.00804017
0.0260076
0.0346796
0.00439148
-0.00363921
0.00624589
-0.017818
-0.0247685
-0.0314906
-0.0367974
-0.0221404
-0.0249566
-0.0172389
0.00154248
-0.0625857
0.0442581
-0.000227033
0.00366462
-0.0310214
-0.0189524
-0.0307049
-0.00427463
0.0399997
-0.0036866
-0.00965188
-0.0364404
0.0168411
0.0454527
0.0330902
0.0433175
-0.00221053
0.00922011
0.109215
0.0432203
0.0357722
-0.0508529
0.0128716
0.0259424
0.0194116
0.0441389
0.0458437
0.0346691
0.147485
0.11894
0.0184709
-0.00719699
0.00653713
-0.0073292
-0.0157326
-0.00864278
-0.0335667
-0.001371
0.00104842
0.0133137
-0.0230871
-0.00466518
0.0158838
-0.00818991
-0.0175288
0.0434768
-0.00276214
-0.0135647
0.0387367
0.0547023
-0.0191526
0.0171263
-0.0413586
-0.0317202
-0.0389023
0.0127651
-0.00656421
0.00664314
-0.0173006
-0.0456234
-0.00631004
-0.0128228
-0.0330086
-0.0521783
-0.0271599
0.0055861
0.0233748
0.00793651
-0.0233045
-0.019221
-0.000593003
0.0258317
-0.0119549
0.0154353
0.0145998
-0.013132
0.0281667
0.0388435
-0.0112262
0.0111058
-0.0224648
0.0229439
0.00791552
-0.00878156
0.00973983
-0.0147323
-0.0170078
0.0316343
-0.00682621
0.0540595
-0.0119324
-0.00441761
0.0138777
0.0123945
-0.0418217
-0.0120751
-0.0316944
0.0232388
0.00722642
0.027131
0.0883093
-0.00195682
0.0279515
-0.0284984
0.0432909
-0.0127631
-0.009589
0.0122827
0.0226509
-0.0229694
0.003139
0.016779
-0.012988
-0.0461055
-0.00115972
-0.0330721
0.0160757
-0.0350428
-0.00621681
0.0119091
0.0141529
0.00245365
0.0277778
-0.0286178
-0.0376769
0.017238
0.0178822
0.0156333
-0.0358371
-0.0296473
-0.00887434
-0.00871716
-0.0381011
-0.033744
-0.0451934
-0.0108636
-0.00399179
-0.0187452
0.0238751
0.0272643
-0.0413509
-0.0406435
-0.00534776
-0.0267162
-0.00727775
-0.0211388
-0.00466032
0.0124294
0.00615119
0.0123191
-0.0036281
-0.0277157
-0.0192992
-0.0236978
-0.00226651
0.016153
-0.00655331
0.00245723
0.03582
0.00996401
0.0207022
-0.0536898
0.0523862
0.0234779
-0.0601471
-0.00494985
0.0419788
0.00686916
-0.0122743
-0.0176443
-0.00626282
-0.0519227
-0.00399158
0.0212414
-0.00661631
0.0217917
0.0098358
-0.0313864
-0.0629769
-0.0167243
-0.026563
-0.00614069
0.0184964
-0.0271434
0.00436918
0.0231059
-0.0416118
0.00905891
-0.0451368
-0.012643
-0.0241524
-0.00227913
-0.0397465
-0.00743568
0.00154584
-0.0130701
0.0100216
0.0728589
0.091497
-0.0260693
-0.0299096
-0.0448186
-0.0191344
0.0322805
0.0303618
-0.0111777
-0.0476307
-0.0353503
0.0216979
-0.012024
-0.0187306
0.02228
-0.0153204
-0.0132342
-0.00694082
0.0502649
0.0136068
0.0403528
0.00647473
0.00901464
-0.00498987
0.0249016
-0.00344502
-0.00288052
-0.00827477
0.0131638
-0.00816564
-0.0454445
0.00285909
-0.000147652
-0.0245827
-0.019685
-0.0116421
0.016485
0.025788
0.00830278
0.0249583
0.0148783
-0.0644646
-0.0665972
0.0267672
-0.0379805
0.0271078
0.019496
-0.0155935
0.00540909
0.0261289
-0.00655534
0.0118174
-0.0141487
-0.0222139
-0.0179148
-0.0460999
-0.0639489
0.0433249
-0.0145658
0.0315792
0.0277659
-0.0033881
0.0010923
-0.0129491
-0.0475473
-0.0271301
0.00405664
-0.0267071
0.0115574
-0.0257393
0.0146014
-0.0217275
-0.0029588
-0.0179526
0.00151374
0.00846218
-0.0124657
-0.0203813
0.031364
-0.0123818
0.0368904
-0.0140299
-0.00903766
0.0197077
-0.017102
0.00287437
-0.00777198
0.00728379
-0.00667026
0.0164034
-0.0107018
-0.00775066
-0.00900913
0.0223336
0.0208948
-0.00263484
-0.00203042
-0.0123429
0.011436
0.011637
0.0150019
0.0158171
0.051022
0.0302471
-0.00575237
-0.0167828
0.0110352
0.0231344
0.00292451
0.0293024
0.0107567
-0.0170865
-0.0078804
0.0397166
-0.00599523
0.00842594
0.0257775
0.010352
-0.0584248
-0.037918
0.00450824
-0.000130502
-0.00146505
-0.0321982
-0.0414941
0.00847058
0.000330034
0.0111493
0.0416112
0.00787088
0.0414292
-0.0473235
-0.0247615
-0.0498436
-0.0275339
0.0306476
-0.000620912
-0.0103148
0.0270703
0.000761479
-0.0314008
-0.0160304
-0.0146186
-0.0179865
0.00869354
-0.0195907
-0.0426694
-0.016198
0.0213235
-0.026593
0.0293952
0.0214043
0.00562656
0.033639
0.0378727
0.00425984
-0.0148547
-0.011693
-0.0146939
0.00301783
-0.00556981
0.0206784
0.0200485
0.0246022
0.0287181
-0.0688769
0.0152838
0.0127803
0.0178806
-0.00439762
-0.0030343
-0.0334592
-0.0153229
0.0158811
0.0171533
-0.00157923
-0.0371945
0.0172116
-0.00290743
0.0382589
-0.0395203
0.0064773
0.00587483
0.000238914
0.019235
0.0175159
0.000432824
0.00444743
-0.0121375
0.0697775
0.0287027
