-0.0350225
0.0214786
0.0433217
0.00426734
0.00203901
0.000711727
-0.0265361
0.106423
-0.0478271
0.0601896
-0.0433437
0.014686
0.0232543
0.0467819
0.0810492
-0.0260577
-0.034765
-0.0107975
-0.00605648
-0.0300533
-0.0120038
-0.044212
-0.0177058
-0.0335115
-0.0312416
-0.0143675
0.0945755
0.0862113
0.0946856
0.0519034
0.0866177
-0.0173528
0.0178872
-0.0136934
0.0274568
0.0880775
0.0994321
-0.00218337
0.0647063
0.0239218
0.0085507
0.00155957
0.0399691
0.0390128
0.0659526
0.0219535
0.00255134
0.0533564
0.0667239
0.0765058
0.0933636
0.103998
0.0266038
0.0440818
0.0252416
0.0289242
0.0160884
0.00471327
-0.0065095
0.0162653
0.0024054
-0.0120863
-0.0178694
-0.0227722
0.061064
-0.0440446
-0.00690101
0.018502
0.0207464
0.018626
0.0459158
-0.0204052
0.0214682
-0.000300919
-2.48869e-5
-0.0285518
0.0146997
-0.0536119
0.0703558
0.0333575
0.0561665
0.0281284
0.0158076
0.0378779
0.036181
0.0564456
0.0354579
0.00300993
0.0251769
0.0637903
0.0228411
0.0557753
0.0533484
0.00645346
0.00384978
0.0320044
0.0116062
-0.0284449
0.0106272
0.0635688
0.0434104
0.0304575
-0.0364189
0.0340447
0.0463249
0.00706952
-0.0320113
0.0148977
-0.0321468
-0.028822
0.0178752
-0.0232706
-0.0153089
-0.000992788
0.0439846
0.0208996
0.0334274
-0.0446979
-0.0408237
-0.0544077
0.0180142
-0.0526199
-0.0339252
-0.0337015
0.0140499
-0.0361688
-0.00529203
-0.00330142
0.00479893
-0.0414166
-0.0771756
-0.100209
-0.0810796
-0.0937617
-0.0463939
0.0177738
-0.00312904
0.00751468
0.0376755
0.0644159
0.0535561
0.102026
0.0152428
0.0112722
-0.00666123
0.0476907
0.0455584
0.0186252
-0.0377026
0.0441276
0.0102865
0.0476134
-0.0357406
-0.00737655
0.00962403
-0.0250526
0.0178415
-0.0199785
0.02415
0.0126202
0.0321961
0.0417157
-0.0398116
0.0266377
0.0348
0.0422694
-0.0197097
0.0134093
0.0391041
0.0169241
0.0304229
-0.0236265
0.00277426
-0.0378333
-0.0240753
-0.00128988
-0.0255704
-0.0315135
0.00876554
-0.0106455
-0.0285539
0.0513503
0.00640677
-0.00310485
0.00596079
-0.0395588
-0.0717159
0.0598395
-0.0240141
0.0978515
-0.0396087
-0.00732151
0.0437913
0.0242444
0.084196
0.0153324
0.0522716
-0.0515795
-0.0123746
-0.0284852
-0.0724793
-0.0719663
0.0489553
0.0111041
-0.0196616
-0.0326909
0.0850537
0.0662481
0.0677198
0.0802864
0.121434
-0.0157588
0.0219456
0.0235394
0.0651196
0.0551911
0.065359
0.0216298
0.0431417
0.0337625
-0.0205415
0.0863533
0.0269036
0.0132353
0.0506719
0.0672725
0.0343988
0.118347
0.0943637
0.0894809
0.0867
0.0963249
0.0084528
0.0320028
0.0208035
0.0417341
0.0037495
-0.0179875
0.0122516
0.0473197
0.00414225
0.0539399
0.0222471
0.0335249
0.0848858
-0.0146504
0.00772794
0.0433507
0.0403069
-0.0284743
0.0248695
0.0546762
0.0244599
-0.011868
0.0373135
0.028051
-0.0056682
-0.0304414
0.0288317
0.007242
0.0370675
0.0218166
0.00327625
0.00565341
0.00362681
0.0534851
0.0168444
0.0110933
0.0162994
0.0450024
0.00941856
0.0490033
0.072501
-0.0169713
0.0249249
0.0482494
0.0253802
0.00823246
0.0105735
0.0683198
0.0676035
0.0324975
-0.0148552
0.0278561
0.0896286
-0.010403
-0.0311081
-0.000718432
-0.0100931
-0.0220565
0.0113195
-0.00478914
0.035422
0.00570677
0.014126
0.0402099
0.0449394
-0.0628472
-0.0315448
-0.0402772
0.0236332
-0.0459251
-0.0522429
-0.0205913
0.0224901
-0.00320033
0.0122913
0.0390039
0.0111949
-0.0175025
-0.0814953
0.000506815
-0.0758034
-0.0598982
-0.0610493
-0.0214445
-0.00792463
0.022156
0.0417638
-0.00758746
0.0106967
0.0894037
0.0561045
-0.0210376
0.00328035
0.0023045
0.0584215
0.0203284
0.0110991
0.0356007
0.0363115
0.042347
0.0199714
-0.00936586
0.046625
0.0514497
0.0447177
0.00205158
-0.00172063
0.0111858
0.063718
0.0742054
-0.0340031
0.045738
0.0445517
-0.0169765
-0.000217982
-0.0115876
0.053816
0.0113108
0.0012079
-0.0341802
-0.0206276
-0.0198787
-0.0185511
0.0464464
-0.0744775
-0.0396397
0.0136659
-0.0394157
0.032331
-0.0109768
-0.0128574
0.0241841
0.0427434
-0.0030938
-0.0291111
-0.00133692
-0.00635268
-0.0530001
-0.0212813
-0.019347
0.0156162
-0.00738928
0.00752323
0.00551197
-0.0512095
0.0487466
0.0035424
-0.0156995
0.0225291
-0.0300367
-0.04085
-0.0245785
-0.0189047
-0.0189792
-0.0247555
-0.00560939
-0.00437089
-0.0164452
0.0175026
-0.028249
0.00556953
-0.049431
-0.0105679
0.0339872
-0.068852
-0.0332297
0.0138701
-0.013063
0.0111456
-0.0379552
-0.0528608
-0.00152451
0.00714659
-0.0112543
-0.0194242
-0.0155248
-0.028134
0.00371473
0.0049725
-0.0183337
0.00735135
0.00857895
-0.00495649
-0.0323802
-0.0328518
-0.0212899
-0.0272958
-0.024167
-0.029171
-0.00924355
-0.0173429
-0.0225284
-0.0151565
-0.0434964
-0.0110375
0.0196723
0.00472802
0.0109192
-0.0519381
-0.0104419
-0.0381938
0.0147838
-0.0304038
0.00968933
-0.0241228
-0.051318
-0.00102376
0.00586068
-0.058977
-0.0433362
-0.0402781
-0.0569298
-0.0361566
-0.00770396
0.0176092
-0.022664
-0.0320601
0.00982086
-0.0263828
-0.017048
-0.0025525
-0.0398742
-0.0565735
-0.0129585
-0.0141318
-0.060315
-0.0182264
-0.0503691
-0.0065074
-0.00777682
-0.0361633
-0.00937878
-0.0127051
-0.0149657
0.0038885
-0.0777055
0.00362977
0.0052519
-0.0491947
-0.0275289
-0.00783432
-0.0128547
-0.00833635
-0.0296055
-0.010044
0.0199927
-0.0157617
-0.00188751
0.00621601
0.0038949
0.0150108
-0.010971
0.0266232
-0.0374622
-0.0105299
-0.0169133
-0.0225654
-0.0226076
-0.0402308
-0.0194842
-0.057476
0.00362766
-0.0337249
0.0606689
-0.0627155
-0.078727
-0.0030126
0.0267976
0.0193065
0.0134394
-0.0239137
-0.0222754
0.0108906
-0.0232234
-0.0161603
-0.0419123
0.00124321
0.0140239
0.00972251
-0.0180081
-0.0273295
-0.0242919
-0.0283137
-0.0573122
-0.00645934
-0.0177314
0.0153829
-0.0159967
0.0386655
-0.0189446
-0.0199786
0.00618357
-0.00646768
-0.0201675
-0.026706
-0.037307
-0.0520157
0.00654416
-0.0219708
-0.0152872
-0.0488888
-0.0299219
-0.106006
0.0554924
-0.00528189
-0.0107092
0.0151427
0.00848337
-0.0284304
-0.00861299
0.0484997
-0.0258088
-0.0707889
-0.0418477
-0.0219288
-0.0514846
-0.111715
-0.0504898
-0.115054
-0.0931621
-0.0254013
-0.0296164
0.0236723
-0.0213715
0.0139725
-0.0254036
0.0195587
0.0195259
-0.0150549
-0.0297592
-0.019355
-0.0322918
0.02512
-0.00582076
-0.0544301
-0.056883
-0.00247967
-0.0546622
-0.0173989
0.0286594
-0.0338644
-0.0410574
-0.00820728
-0.0250609
-0.00427268
-0.0215
-0.0313247
-0.0208279
0.00888747
-0.0161218
0.00782235
-0.0486489
-0.0119222
-0.0132923
-0.0164338
-0.00767784
0.00841575
-0.0139646
-0.0450209
-0.0303903
-0.0172351
-0.00888265
0.0133587
-0.0602238
-0.0642053
-0.0442286
0.0156236
-0.0586969
-0.0403565
-0.0376553
-0.0236341
-0.057092
-0.0371979
-0.00100273
-0.006928
-0.00765992
0.00796168
0.00307717
-0.0132425
-0.0143808
-0.0249485
-0.0322025
0.00347687
0.00801075
-0.0253125
-0.0284844
-0.0269854
-0.0176192
0.0276821
0.0179165
-0.0164788
-0.013963
-0.00603654
-0.00678824
-0.0262139
0.0122006
0.00608305
-0.0123978
-0.0248978
0.00558281
-0.033433
-0.0150109
0.00544753
0.0137235
0.00925109
0.00907216
0.00765664
-0.0400975
-0.0104707
0.00675766
0.0135471
-0.0345548
0.0162331
-0.024608
-0.0397535
-0.0226501
-0.0215865
-0.0247844
-0.00768872
-0.0321942
-0.0742347
-0.00681581
-0.0437586
-0.00316617
-0.0433447
-0.0151161
-0.0558634
-0.0412251
-0.0561787
-0.0251374
-0.0483379
-0.00270385
-0.0204369
-0.000214915
-0.0555848
0.0193318
-0.0309318
-0.0551858
0.0161243
-0.00400729
0.0302775
0.00628516
-0.0158148
0.00175984
-0.0193314
-0.0665739
-0.012881
0.0389616
-0.0698592
-0.0299619
0.0522196
0.0856276
0.018957
-0.0433097
-0.0519581
-0.0380783
0.00433116
-0.00677102
-0.0225117
-0.00452012
0.0312921
-0.0439044
0.0208646
-0.0133562
-0.00966318
0.0132321
-0.00577559
0.00809425
-0.00148303
0.00641309
0.00518089
0.00740564
-0.0355082
0.00894923
-0.00875618
-0.029572
0.0132948
0.00274818
-0.00866238
-0.0181508
0.0189555
0.00454723
-0.0115303
0.0209658
-0.0129416
0.0176285
