-0.269222
-0.130533
-0.404491
-0.279854
-0.18675
-0.0888724
-0.189322
-0.193663
-0.239475
-0.234422
-0.304101
-0.0372706
-0.460339
0.000576342
0.0253724
-0.465004
-0.0560627
-0.175218
-0.173177
-0.234338
-0.120267
-0.172101
-0.28102
-0.152063
-0.155176
0.0527609
0.18108
-0.0126989
0.256047
0.126792
0.0404749
0.164353
0.0100474
0.134746
0.293203
-0.0661685
-0.0576014
-0.0739504
-0.347569
-0.0104098
-0.227744
-0.16836
-0.260509
-0.197396
-0.0769523
0.0514573
-0.0481309
-0.139663
-0.128004
0.0671524
-0.142162
-0.0686321
-0.314411
-0.0763513
-0.0169318
-0.172012
-0.173014
0.0736456
-0.0690777
-0.137659
0.0145203
0.115524
0.309744
0.0659738
0.208005
0.283259
0.408885
0.284438
0.0447254
0.0298311
0.0461444
0.269956
0.41706
0.159222
0.0558215
0.362226
0.576381
-0.15469
0.0327485
0.00479783
0.14417
0.055059
0.418625
0.125499
0.247766
0.0808583
0.00189952
0.215967
0.221993
0.16308
0.266354
-0.00754693
0.170279
0.0349649
0.238543
0.146665
0.0659798
0.113557
-0.400006
-0.039613
-0.00152313
-0.277393
-0.0378021
-0.119617
-0.0354157
0.0367612
0.289462
-0.215024
0.0326095
-0.188308
0.497252
0.119999
-0.277817
-0.1449
0.152134
0.192169
0.151363
-0.0904797
0.0965395
-0.24049
-0.266222
-0.021347
0.111601
-0.263836
-0.0148715
-0.0809414
-0.0894403
-0.0586727
0.0203277
0.0443305
-0.0916976
0.0462891
0.302948
0.177281
-0.186964
-0.00765139
0.337806
0.04266
-0.022804
0.0699168
-0.105827
-0.16802
-0.169079
0.150696
0.38708
-0.164404
0.174205
0.113969
0.234425
0.261782
0.200981
-0.392678
-0.377866
-0.0996225
-0.0451172
-0.436863
-0.0315729
-0.186301
-0.289444
-0.119164
0.166394
0.203823
-0.132801
-0.168585
0.0524164
-0.134449
-0.357609
-0.204847
0.131444
0.204999
0.399344
-0.271681
0.070912
-0.167897
0.0776947
0.167137
0.290009
0.143169
0.182896
-0.054495
-0.167566
-0.124658
-0.379861
-0.237401
-0.254138
-0.270182
-0.176332
-0.0235961
-0.166348
-0.0980928
0.149859
0.114228
-0.466752
0.0892737
0.00668006
-0.343796
0.0181694
-0.286796
-0.248699
-0.245365
-0.246526
-0.106197
-0.399647
-0.073852
0.0599008
0.021187
0.12033
-0.0147293
0.0248179
0.15245
0.108558
0.11041
0.0330508
0.245025
0.234634
-0.0381145
-0.0954176
0.00487291
-0.141096
0.114309
-0.119176
-0.152474
-0.142762
0.0870052
-0.1268
-0.10093
-0.00304969
0.171896
-0.13139
0.106215
0.0157762
0.193262
-0.204247
0.0383273
0.0568048
-0.0672659
-0.121694
0.15906
-0.102745
-0.143388
0.316912
0.123698
0.179631
-0.0210584
0.154258
0.0694403
0.237496
0.211621
-0.0508033
0.143825
0.089245
0.195903
0.335945
0.21173
0.271127
0.246509
0.238992
-0.0871805
0.270995
0.141
0.206494
0.30374
0.459263
0.118993
0.274583
-0.122339
-0.196811
0.280611
0.291408
0.489409
0.39296
0.369284
0.0969995
0.118443
0.189885
-0.0257804
0.0850494
0.210615
-0.288743
-0.0379773
-0.0159116
-0.138042
0.135344
-0.0822249
-0.0567019
-0.00850098
0.198291
-0.197718
-0.0751539
-0.00642298
0.141901
0.157925
-0.221612
-0.12588
0.267169
0.182869
0.314473
-0.0961802
-0.0632674
-0.0265708
-0.131654
0.0182504
-0.223375
-0.124162
-0.0378147
0.0566817
0.048256
0.0913883
-0.138215
0.0911381
-0.138475
0.00643887
0.509197
0.165511
-0.0392267
0.0181796
0.441863
0.0178482
0.0418247
0.0709346
-0.0961966
-0.232943
-0.0503529
0.608848
0.430451
0.137986
0.189242
0.118587
0.401596
0.199132
0.147571
-0.49897
-0.0491342
-0.180329
0.0511664
-0.110455
-0.0576436
-0.292874
-0.206569
-0.374798
0.228385
0.17725
-0.220366
0.180783
0.0919098
-0.0389678
-0.00315002
0.120275
0.0300139
0.441612
0.401364
-0.103296
0.0390228
-0.0653556
-0.159936
0.182295
0.409026
0.211125
0.0434923
0.0888761
-0.0805848
0.350851
-0.0111511
0.220659
0.039439
-0.102158
-0.132426
-0.0296901
0.0187318
0.0708891
0.00488739
0.141863
0.0455656
-0.028497
0.225655
-0.0567434
-0.192603
-0.00455227
-0.165363
-0.0600714
0.045473
0.08803
0.105235
0.0973474
-0.15969
0.090448
0.178069
0.0142034
0.0306378
0.121305
-0.182766
-0.194925
-0.0422914
0.0395125
-0.109113
-0.222734
0.0351585
0.0203376
0.019907
-0.0536221
-0.0930443
-0.0289982
-0.0558208
-0.0293496
-0.0218804
0.179041
-0.0924015
-0.0703673
0.391739
-0.0665198
0.0801241
0.0263389
-0.263838
-0.0723049
-0.16293
0.0284162
0.155752
0.041038
-0.0987699
0.145124
0.0387308
-0.360844
-0.123826
-0.417213
0.0806663
0.127017
0.12657
0.101619
0.013826
0.231368
-0.162952
0.0513555
0.0551339
-0.149828
0.113331
0.0771778
-0.310449
-0.199554
-0.318441
-0.0735679
0.0597766
-0.103699
0.220483
0.0313204
-0.142014
0.0646355
-0.337161
0.0881819
-0.0993535
-0.140289
0.181685
-0.179201
-0.0943739
-0.346424
-0.110094
-0.0386552
0.139381
-0.049455
0.183762
-0.00287343
-0.249991
-0.00720504
-0.144443
0.15594
0.0936026
0.40982
-0.262903
-0.17328
-0.325422
-0.314471
-0.100739
-0.238134
-0.0703469
0.000843702
0.223626
0.0538105
-0.131326
0.0984504
-0.0712034
0.215098
-0.0262315
-0.102537
-0.181015
0.0420275
-0.385994
0.165634
-0.0659855
0.141046
0.0285544
0.18613
-0.000616539
-0.210719
-0.201498
-0.0992801
-0.212376
-0.337679
-0.0403193
-0.0350096
-0.225797
-0.0477933
-0.0375584
0.0826074
-0.0113248
0.0640561
0.0154744
0.106496
-0.308905
0.121575
0.0824766
0.1516
0.133522
-0.0949665
0.247468
-0.212052
-0.20023
0.164872
0.0410935
-0.141226
-0.138718
0.248351
0.0850133
-0.0260823
0.0357059
0.0421
0.235161
0.137535
0.0400407
-0.00351863
-0.0691651
-0.0989782
0.0770555
-0.152888
-0.104686
-0.00312504
-0.0302943
0.0874714
0.0172414
0.183225
-0.145083
0.0754057
0.0240697
0.299409
0.105797
0.0641265
-0.16193
0.0581754
0.0715175
0.0556742
-0.0795253
0.0196488
-0.0431081
-0.115122
0.150845
0.0960148
-0.231633
-0.0985708
-0.00668531
0.0754428
0.0624984
0.206464
-0.00758873
0.224272
0.0164201
0.0147887
0.0165471
-0.0846651
0.0786858
0.161888
-0.383701
0.24297
0.121305
-0.0506031
0.0795
0.0858579
-0.136869
0.0339569
-0.10502
0.0790288
0.161113
0.146522
0.196457
-0.326997
-0.138653
0.188886
0.198288
0.0107226
0.0253348
0.106827
0.0397892
-0.0137492
0.261348
-0.132252
-0.075707
0.247151
0.000744591
-0.155725
0.0393262
0.196996
-0.0641298
0.189493
0.222661
0.112407
-0.0635469
0.0927533
-0.0984721
-0.0437436
0.266574
0.246695
0.00811221
-0.0670869
0.139151
-0.0412224
-0.0431409
-0.0106224
0.057164
0.0861797
0.0754528
-0.154847
-0.312955
-0.375713
-0.257032
-0.282285
-0.132496
0.0707979
0.0933262
-0.075104
0.115712
-0.00515798
0.278257
0.0872724
-0.118907
0.178343
-0.140255
-0.155204
0.00624295
-0.088465
-0.0299455
-0.0619335
-0.0795953
0.241681
0.162984
0.162459
0.022419
0.306125
-0.192016
0.320564
0.271424
-0.177231
0.0728152
0.290068
0.00531385
0.338012
-0.0545604
-0.417216
-0.0719236
-0.133795
0.216801
-0.0520166
0.128897
-0.090047
-0.275124
0.0907218
0.32372
0.0647796
0.182468
0.0867174
-0.115256
0.0874577
-0.184422
-0.199469
0.107482
-0.0612213
0.0392706
0.0304775
0.168379
0.322545
-0.0519718
-0.120326
-0.0436319
-0.0996135
0.12032
0.020488
-0.379709
0.0949232
-0.0126922
-0.060033
0.0729918
0.133701
-0.240218
0.156496
-0.451505
-0.0381695
0.0407563
0.165987
0.16233
0.0573162
-0.0583716
-0.517871
-0.0192707
0.0736879
0.229968
0.0188508
-0.136837
-0.16551
0.0152333
-0.0384378
-0.0241513
-0.00784746
0.0164533
0.0651546
-0.0561404
0.0193775
-0.105728
0.121292
0.130697
-0.0456573
-0.183812
0.225482
