0.0653455
0.0417946
-0.189476
-0.0791637
-0.0827657
-0.110747
-0.167039
0.0685724
-0.0245795
-0.0424561
0.0332589
-0.212971
-0.146814
0.00275763
-0.0996841
0.030601
0.0964178
0.0784314
0.00146187
0.0731514
-0.0666258
0.089599
-0.00731667
0.193099
-0.0302573
0.255787
0.0718783
-0.0340978
0.113617
-0.0504803
-0.116063
0.0662991
-0.169506
0.0135646
0.024856
0.115054
-0.168923
0.0310128
0.0646425
0.028829
-0.167287
-0.0513414
-0.152083
0.168043
-0.0775611
-0.0666853
-0.107629
0.00728149
-0.138219
0.0225532
0.0653523
-0.091154
-0.0101778
-0.0947729
0.154203
-0.206778
0.0243556
0.00440395
-0.110268
0.123735
-0.0228864
0.0707951
0.105388
0.217417
0.194715
0.0936741
0.118049
0.0941198
-0.00491117
0.135829
0.269403
0.199578
0.259115
0.162169
0.109389
-0.0189238
0.052185
0.130176
0.109981
0.120306
0.0557392
0.0398954
0.251608
0.0390957
0.0358074
0.133978
0.122971
-0.116277
0.23922
-0.0487477
-0.0429807
-0.0282788
0.108575
-0.0852023
0.253043
-0.042407
0.192285
0.150786
0.0134388
-0.163479
-0.05858
0.0795159
-0.0883401
0.0803219
-0.0670857
-0.206952
0.057911
0.0114186
0.0566189
0.0475006
0.09592
-0.00348715
-0.148321
-0.0671659
-0.283376
-0.126181
-0.0445658
0.136718
-0.205305
-0.0921867
0.0214091
0.0166237
0.0167759
0.108337
-0.0840722
0.073599
0.0493694
-0.0834866
-0.10229
-0.0515476
-0.0562854
-0.184923
0.10795
-0.0920847
0.0754354
0.0237777
-0.131932
0.134406
-0.00235933
-0.0463791
0.0432357
-0.0299803
0.00775044
-0.0817322
0.168126
0.0573128
-0.142192
-0.0929118
0.077789
-0.0997408
0.113938
-0.0567812
-0.00451398
0.00446644
-0.0140457
0.00994865
-0.000777484
-0.0653431
-0.138346
-0.0258104
0.0112318
0.0984699
0.128835
0.0382082
0.0906279
0.0634082
0.0170128
-0.206338
-0.0431904
0.170442
0.0204981
0.066674
0.21036
0.211804
0.00671947
-0.135287
0.0787297
-0.078579
0.14855
0.0746271
-0.0254331
0.116076
-0.119035
-0.0626564
-0.0925725
-0.0050775
0.0191408
0.0241161
-0.0623166
0.0166447
-0.16476
0.0354638
-0.126526
-0.0719044
-0.155944
0.0812013
-0.0957568
-0.0820197
-0.0452586
0.056306
0.177605
0.0794699
0.107325
0.152065
0.0348627
0.135403
0.0425615
0.037162
0.122679
-0.140967
-0.0132936
0.0985978
-0.0489691
-0.12101
-0.0968153
0.126542
0.0897734
0.184426
0.0525521
0.0942263
0.115509
-0.113297
-0.110176
0.0123482
-0.126355
-0.132895
-0.236111
-0.0116917
-0.165416
-0.149075
0.203578
-0.0467011
-0.10467
0.0151064
-0.018757
-0.0890909
-0.0087155
0.026424
-0.0644157
-0.160563
0.0962156
0.0808793
0.351655
0.0356869
-0.0409428
-0.00532743
0.11374
-0.0257966
-0.01881
0.0114876
0.128309
0.0895837
0.132528
0.252483
0.0304625
0.0155195
0.137362
-0.0575493
-0.123529
0.0230612
0.0509725
0.0569613
0.173424
0.0747957
-0.0414581
-0.0246294
0.136176
-0.0797869
0.108587
-0.0774399
0.0330292
0.0203696
0.0947039
0.00143141
0.0696066
0.094448
0.207458
0.164159
-0.216228
-0.0444486
-0.0647983
-0.0458168
-0.11347
0.158444
-0.12323
-0.0482588
0.112737
-0.159669
0.0337002
-0.064875
0.0260622
-0.0564006
-0.164541
-0.0965076
-0.103822
-0.0898234
-0.0807222
-0.201069
-0.073448
0.0736795
0.136527
-0.194364
0.11258
0.154003
-0.0893842
-0.0282327
-0.085674
-0.275599
-0.105849
0.0129156
-0.0160826
0.0256889
0.117262
0.185437
0.105455
0.0103578
-0.0775828
-0.0732505
-0.122203
0.0369683
0.130707
-0.012781
-0.0523156
0.0725665
0.0581127
0.0166227
-0.238729
-0.141784
0.0513096
-0.00747978
-0.102187
0.0847731
-0.0489773
0.0835935
-0.156356
-0.025174
-0.0313847
0.0208987
0.0341657
0.0794994
-0.139523
0.0692411
0.0868029
0.131843
0.0735413
0.14167
-0.152289
-0.0669596
0.0238809
-0.0529942
0.00319558
-0.0786087
-0.123322
-0.0136832
0.0616507
-0.190318
0.0337025
-0.283334
0.0370901
0.0443562
0.0724538
0.0470184
-0.163907
0.046061
-0.177158
-0.0981334
-0.00232442
-0.0140467
-0.084973
-0.205735
0.0318683
-0.0409748
-0.0425761
0.232091
-0.134078
-0.0671521
-0.000925034
-0.124874
-0.0247783
0.0310962
-0.0936649
0.0331186
-0.185954
-0.0348629
-0.18772
0.113482
-0.3079
0.0670852
-0.0921321
-0.245737
-0.0215324
-0.0694377
-0.0976824
-0.112365
-0.0406166
0.0113279
0.0529388
0.205682
-0.130722
-0.158164
-0.347573
-0.0219571
-0.0384592
-0.0573197
-0.0574975
-0.139619
0.0508908
0.0851745
0.138951
0.334465
-0.172298
0.133083
0.138966
-0.219299
0.280921
0.0844701
-0.242074
-0.00399816
0.0435225
-0.188013
-0.0592076
0.00442395
0.104902
-0.110635
-0.135526
0.132616
0.126293
0.0633872
0.211331
-0.181247
0.0845766
-0.0729909
-0.183772
-0.00555216
-0.171309
0.00715927
0.0711279
-0.239451
0.00490256
-0.0497323
-0.120031
0.00271106
-0.0454388
0.177909
0.316721
-0.0824917
-0.082726
-0.135364
0.111357
-0.359825
0.192021
0.161185
-0.0313029
-0.239327
-0.16477
-0.189917
0.00447435
-0.0414653
-0.227277
-0.0522771
-0.130257
0.025925
-0.00256799
-0.119818
-0.0432293
-0.23184
-0.0177085
-0.13787
0.111418
-0.0930797
0.0749199
-0.156226
-0.193247
-0.164676
-0.181545
0.0275609
0.112851
-0.243142
0.0579625
-0.195846
-0.0145026
-0.00167976
0.0291532
-0.180216
-0.219384
-0.110117
-0.080984
0.206864
0.0336049
-0.0294288
0.157144
-0.087694
0.0490394
0.0698924
-0.120521
0.0714285
-0.257203
-0.0432438
-0.0481971
-0.0501145
-0.114042
-0.0193233
-0.0817117
-0.129946
-0.0644409
0.127511
-0.14478
-0.0302083
-0.408909
0.168664
-0.0787448
-0.167119
0.165016
-0.102503
-0.00366843
-0.163793
0.0870416
0.0630712
0.0683829
-0.150814
-0.156114
0.121494
0.0724408
0.186759
0.148602
0.026113
-0.109754
0.123059
0.0153034
0.0433717
-0.185908
0.000282797
-0.116864
0.0275896
-0.0546962
-0.0303809
-0.0446211
-0.104778
-0.0024346
-0.189215
-0.079685
0.185823
0.065252
-0.066045
0.0294632
0.168766
0.169641
-0.0336326
-0.0386321
-0.0990703
-0.0761318
0.0520066
-0.151578
-0.105691
-0.0634122
0.165516
-0.078146
-0.122542
-0.202891
-0.199078
-0.0887402
-0.432439
-0.203566
0.154612
0.254941
0.31063
0.220232
0.234676
0.00591807
0.159495
0.106261
-0.0456918
-0.130478
-0.137203
0.200924
0.019183
0.0201674
-0.022156
0.0483902
-0.125802
0.132216
-0.0463499
-0.0601813
0.11931
-0.0186129
0.193097
-0.108217
-0.127555
0.0224817
0.247899
0.112016
-0.147683
0.0109717
-0.100725
-0.0226238
0.186638
0.0315802
0.107948
0.0920401
0.150086
0.0556778
-0.000830037
0.0283731
0.075189
0.104451
0.262771
-0.222751
0.040053
0.174236
-0.0316746
-0.0458321
-0.0707029
-0.150641
-0.19749
-0.168605
0.107377
-0.130115
0.0015124
-0.0151595
0.0124833
-0.198221
0.0600979
-0.332566
0.000153654
-0.107867
0.0204125
-0.00194986
0.0605485
0.23464
0.269857
-0.0326713
-0.0800704
-0.278804
0.0832757
-0.0952917
0.0884208
0.00625146
-0.118555
-0.0195106
-0.249832
-0.0301003
-0.10455
0.146707
0.0443113
0.124871
-0.299052
0.0576839
0.108316
-0.0815033
-0.253141
-0.000636958
-0.101099
0.298582
-0.0195752
-0.03254
-0.16743
-0.0121953
-0.00571892
-0.0572086
0.314182
0.0492163
0.0338437
-0.0901654
0.0971749
0.0317638
0.0789781
0.0699422
0.00767931
-0.151327
-0.0587786
-0.0897421
-0.124609
-0.145903
-0.0808086
0.020345
0.069563
0.0586539
0.272808
0.100431
-0.038434
-0.165864
-0.110825
0.210955
0.0767092
0.0971457
-0.132998
-0.117873
-0.0188216
-0.111244
-0.197777
-0.0838591
-0.0357287
-0.150097
-0.133888
-0.0650006
-0.024284
-0.0611935
-0.0174372
0.0366857
-0.0128098
0.140098
0.0445215
-0.0972374
-0.0695949
0.10902
0.15867
0.0680043
-0.0630753
-0.064619
-0.170324
-0.230403
0.136604
0.165433
0.209238
0.115993
-0.0749263
0.266928
0.00703548
