-2.74683e-5
-0.000718345
-0.000263926
-0.000266942
-0.000400934
-0.00121437
-0.000373853
-0.00162137
-0.00495937
-0.00412229
-0.000172079
0.00143001
-0.000857089
-0.000983944
-0.000133295
-0.000889503
-0.0008236
-0.000817652
-0.000381577
0.00056436
-0.00220624
-0.00298653
-0.00252692
-0.00037698
-0.00330085
0.00220301
0.00278965
-0.000853551
0.000519805
0.000627422
0.00073426
0.00311951
-0.000481226
0.000426341
0.00149728
-0.000949169
-0.00279342
-0.00319233
-0.00111679
-0.00233851
-0.00306278
-0.00592028
-0.00620219
-0.00575601
-0.00171658
-0.00308042
-0.00667663
-0.000554891
-0.00131404
-0.000589867
-0.00245086
-0.00393636
-0.00373477
-0.00476061
-0.00675659
-0.00719378
-0.00236375
-0.000237199
-0.00497899
-0.00547722
0.000586808
0.00484431
0.00406608
-3.16145e-5
-0.000474814
0.00187469
0.0056104
0.00248046
0.00533598
0.00636237
0.00436909
0.00327442
0.00442645
0.0053529
0.00386467
0.00646317
0.00373414
-0.00222527
0.000784192
-0.00153281
0.00391123
0.000530723
0.00382494
0.00101168
0.0029125
0.00165298
0.00482376
0.00222293
0.00154215
0.00238277
0.00239047
-0.00133861
-0.000519509
0.0017963
0.00125872
-0.0042082
0.000412231
0.00473908
-0.00297233
-0.00202035
-0.00176539
-0.00133086
-0.00120327
-0.00207453
-0.00356196
-0.00317538
-0.000492111
-0.00175268
-0.00222318
-0.000821275
0.0033018
0.00296322
-0.00209131
-0.00264591
-0.0026928
-0.00476265
-0.0039067
-0.00123701
-0.000665853
-0.00102833
0.000992927
-0.00163307
0.00111943
-0.00216096
-0.00122045
-0.000606863
-0.00182417
0.00102634
0.00192657
0.00341195
-0.000394416
0.0026598
0.000930834
0.000644993
-0.00269064
-0.00142709
-0.00295842
-0.000119926
-0.000233687
0.000320602
0.000319613
0.000950485
-0.00375544
-0.00213246
-0.000762608
-0.00293917
-0.00344479
-0.00292376
0.00285463
0.00204221
0.00211218
-0.0033393
0.00192202
0.000646063
0.000644701
-0.00291108
-0.00112121
-0.00177006
-0.00304029
-0.000558949
0.000945056
0.00325639
-0.00120028
-0.000794003
-0.000481661
-0.00323335
-0.00248448
-0.00139843
-0.00123495
0.00390195
0.00505493
-0.00184562
0.00129775
-0.00112846
-0.00429016
0.0017063
0.00259915
-0.00110591
0.000418225
-0.00132482
0.000513991
-0.00129226
-0.00194522
4.16806e-5
5.80568e-5
2.595e-6
0.00393741
-0.00226742
-0.00292623
-0.00119655
-0.0015767
0.000447215
-0.000421107
0.000419934
0.000244802
0.000409275
-0.00129967
-0.00212601
0.0015035
-0.00122577
-0.00294655
-0.00242601
-0.00198643
0.000639807
-8.94268e-5
0.00211281
0.00180421
-0.000550625
0.000303128
0.00101419
0.00162064
0.00303477
0.000445142
0.00112804
0.00170707
0.00132728
-0.00256708
-0.00150129
0.000266435
-0.00248228
-0.00248516
-0.0022285
-0.00475514
-0.00243815
-0.000231405
-0.00234201
-0.0038825
0.000224957
-0.00197296
-0.000618181
-0.000165049
-0.00264749
-0.00367007
-0.00263419
-0.00396582
-0.00466314
-0.00193292
0.00117029
-0.00417989
-0.00293606
0.00189335
0.0067797
0.00620099
-0.00177195
-0.000824586
0.00169519
0.00557196
0.00150904
0.0047062
0.00377299
0.0043375
0.00328082
0.00522938
0.0052662
0.00516653
0.00549245
0.00514272
-0.00221192
0.000605872
0.00153988
0.00212872
0.00424845
0.00187121
-0.000274002
0.00236517
0.00111184
0.00353399
0.00220708
0.00129677
0.00362873
0.00143135
-0.00203096
-1.71923e-5
0.00428902
-4.46317e-5
-0.00117218
-0.00032154
0.00314698
-0.00281511
-0.00191727
-0.000288045
-0.00148749
-0.00179242
-0.00187046
-0.00401407
-0.00298783
-0.000281613
-0.00192923
-0.00167918
5.5098e-5
0.00298697
0.00355999
-0.00298675
-0.00303366
-0.00159097
-0.00329726
-0.00413951
-0.000342283
0.00149776
-0.000331776
0.00125282
-0.00255083
0.00161262
-0.000499935
-0.00103973
0.000411474
-0.00100851
-0.00176391
0.00244378
0.00242481
-0.000896708
0.00299142
0.00264238
0.00417184
-0.00104627
-0.000136196
0.000332363
-0.000606066
4.7857e-5
0.000417294
0.00316204
0.0013632
-0.00212104
0.000321515
-0.00081936
-0.00143549
-0.00303622
0.000667375
0.00629827
0.00523001
0.00258751
-0.00244235
0.00174472
0.000985719
0.000753712
-0.00214607
-0.00160739
0.000302787
-0.00335362
0.000721449
0.000613227
0.0022983
0.000316026
0.000119927
0.000159619
-0.00358423
-0.00347141
-0.00112266
0.000794325
0.00061206
0.00373249
-0.000822367
-0.00116742
0.000405603
-0.00203101
-0.00081382
0.00357342
-0.00212758
0.00226269
0.000944831
-0.000671769
-0.003153
-0.00334653
-0.0009845
0.00122644
0.000548208
-0.000899479
-0.000526896
-0.000144216
0.00183079
0.000437393
-0.00183376
-0.0024899
-0.00185122
0.00167695
7.26834e-5
-0.000170284
0.000344942
0.00129914
-0.000254094
0.00060684
0.00193043
0.0015089
0.000415617
-0.00237286
-0.000311848
-0.00115843
0.00045992
-0.000939135
-0.000749556
-4.7734e-5
0.00128488
-0.000236346
0.000677226
0.000812574
-0.00263103
0.00035838
0.00122276
0.000499
-0.000815445
0.000272113
0.00123027
0.000566982
0.00105307
-0.000405505
-0.00194747
0.000520288
-0.00130093
-0.00166132
-0.00308531
0.000140853
0.000106055
-0.00079285
-0.00138928
-0.000605288
-0.000563065
0.00181087
0.00196569
-0.000242458
0.00071095
-0.000291746
-0.00162524
0.00020091
-0.000867949
0.00012689
-0.000748442
-0.000668714
0.000524015
0.000838409
0.0017263
-0.00243085
0.00136086
-0.000744094
0.00063896
-0.00202024
0.000348885
-0.000643507
-0.00179803
0.00124487
0.000442084
0.00010863
0.00129165
-0.000370589
3.1692e-5
-0.000907071
-0.00144633
-0.000314868
-0.00105044
-0.000101521
-0.000812546
0.000145795
-0.000588917
-0.000835801
-0.00185144
-0.0016028
0.00106681
-0.000266513
-0.00387727
-0.000859758
0.00027918
-0.00048928
0.000585755
-0.00331314
-0.00140726
-0.000701416
-0.000636645
-0.00026408
8.10609e-5
-3.96711e-5
0.000923221
-8.25627e-5
-0.000346557
0.000164666
-0.000865974
-0.000247623
-0.000753237
-0.00115018
-0.000153691
0.000850193
-0.000757058
-0.00188455
-0.00125554
-0.00217934
0.0019284
-0.000972874
0.00161669
-0.000135399
0.000644502
0.000311846
4.89919e-5
-0.00157656
0.000805649
-0.00435092
-0.0018818
-0.00226432
-0.00069585
-0.00355415
-0.00181392
-0.000809376
-0.000229073
-0.00152492
-0.000637739
-0.00107903
0.00110973
-0.00122734
0.000354156
0.000249682
0.000933372
-0.000840642
-0.00114456
-0.000470544
-0.0021626
-0.000623338
-0.00266577
-0.00184004
0.000541324
-0.000688866
-0.000724952
-0.00177207
0.000270495
0.000632102
0.000839807
-0.000821302
-0.000611633
-0.00110867
4.40903e-5
0.000286247
-0.0022109
-0.000202249
-0.000833089
-0.00118048
-0.00104005
7.03713e-5
-0.000919705
-0.00246465
0.000246503
-0.00142496
0.00035273
0.00160247
-0.000525616
0.000882195
-0.000874331
-9.57239e-5
0.000561556
-7.43172e-5
0.00201126
0.00132226
0.00273786
-0.00145989
0.00188748
0.00347341
0.00135333
0.000779886
0.00155676
0.000646974
-0.000582536
-0.00118677
0.00119122
0.00115659
-0.000103549
0.00157667
0.000667003
0.00148072
-0.000348032
-3.07697e-7
0.000809422
0.00213282
0.00107416
0.000692882
0.00309572
0.00373267
0.0011551
0.00151338
0.000268724
0.00054739
0.00116518
0.00151954
0.00069934
-0.00145373
5.76581e-5
0.00254114
-0.00128394
-0.000107068
0.00359647
0.00111967
0.000933542
0.00263358
1.35539e-5
0.000845458
-0.000917247
0.00150935
-1.47343e-5
-0.000919813
0.00120018
-0.000246895
0.00114843
0.00176152
0.00105142
-0.000184854
0.000850679
0.000457844
-0.000893237
0.000490323
0.00225195
-0.00051897
0.000916971
0.000231328
0.000862274
-0.0016576
-0.000332256
0.000447643
-3.59035e-6
0.000985359
0.000223859
0.00270878
0.000662944
0.002174
0.000326622
-0.000906935
-0.000626016
8.47375e-6
-0.0010432
-0.000680641
0.000220363
-0.00100945
0.000587723
0.0013751
0.000396206
0.00111449
0.000597913
0.000888522
0.000915573
0.000149578
0.000713286
0.000358329
-0.000239034
-0.00100804
-0.00239473
0.00192362
-0.000136001
0.000647108
-5.20527e-6
0.00232752
-0.00184424
-0.00150321
0.00395148
0.00307302
0.00117251
-0.000365752
0.00533306
0.00064615
-0.000574087
-0.000710468
-0.00224751
0.00157666
-0.00160293
-0.00114528
0.000680622
-6.39017e-5
-0.00143768
-0.0019012
-0.00167358
8.99234e-5
-0.00148294
0.000143082
-4.20618e-5
-0.000905433
0.000117067
-0.000438637
-0.000140836
0.000790934
0.0016805
8.86677e-5
0.00167593
-0.000291629
-4.64064e-5
0.00073982
-0.00271317
1.12752e-6
0.000980221
0.00283701
0.00218627
0.000225578
-0.000142021
1.28868e-5
0.000127766
0.0026769
0.000442774
-0.00259427
-0.000207273
-0.000908814
-0.00217444
-0.0016572
-0.000323585
-0.000154983
0.00109208
0.000466773
-0.000694341
0.000279909
0.00116176
0.00204921
-0.00101638
-0.00219779
0.000326496
-0.000723623
-0.000112336
-0.00134952
-0.000282165
-0.00238919
-0.000170496
2.20149e-5
0.00096482
0.000190195
0.000251296
-0.00154752
7.39984e-5
-0.00167516
-0.000336282
