0.0307943783489558
-0.299844422766651
-0.0823692157374474
-0.0838126087830729
-0.147938312022279
-0.537231370862264
-0.1349779250632
-0.732012859446337
-2.32950821299335
-1.92889964182884
-0.0384132074279109
0.728312296906656
-0.36624433149419
-0.426954419293533
-0.0198520151594965
-0.381756978105896
-0.350217212891753
-0.347370627402569
-0.138674466138933
0.314030735253578
-1.01191912290621
-1.38534921560219
-1.165389707081
-0.136474440332985
-1.53577603990624
1.09825355163759
1.37900689921243
-0.364551120421437
0.292707665907476
0.344210858676401
0.395341238719018
1.53687083489877
-0.186364344654693
0.24797779600816
0.760506279061571
-0.410311848616602
-1.2929309029229
-1.4838406906651
-0.49053167146169
-1.07522071380305
-1.42184083354945
-2.78937917170422
-2.92429526371094
-2.71076306573442
-0.777578327574321
-1.43028295998342
-3.15135209281125
-0.221618836931218
-0.584931299528541
-0.238357601905952
-1.12898901906698
-1.83991752346905
-1.74344086429543
-2.2343859312465
-3.18961923734978
-3.39884901374799
-1.08730003756684
-0.0695782456013626
-2.33889792504745
-2.57734013894731
0.324773867577252
2.36232319733073
1.98987897654257
0.0288100957740977
-0.183295698696951
0.941126626989126
2.7289574739631
1.23103518310602
2.59762593564064
3.08883422081952
2.13489307692552
1.61100744520973
2.16234434519378
2.60572348548546
1.89348846151624
3.13707494329931
1.83101959737648
-1.02102647358865
0.419237625175971
-0.68962993898195
1.91577108094738
0.297932787018928
1.87447453389598
0.528108512829567
1.43780027973467
0.83502096646339
2.35248840718232
1.1077868372705
0.781980100665422
1.18428284005988
1.18796789524931
-0.59668997563299
-0.204685769046497
0.903610850846361
0.646336569192735
-1.97001432901375
0.241225052018181
2.31196237167053
-1.37855339953857
-0.922956147690252
-0.800937748846529
-0.59298099151376
-0.531919148446335
-0.94888553602314
-1.66073769711554
-1.47572878346239
-0.191573672672476
-0.794855014890992
-1.02002624432295
-0.349104517655984
1.62411092716902
1.4620737861253
-0.956916084864517
-1.22233577422257
-1.2447763245904
-2.2353622315824
-1.82572288231081
-0.548066390276376
-0.274722875103862
-0.448196608856906
0.519133728418223
-0.737612229019884
0.579675356551763
-0.990249084077983
-0.540141128726125
-0.246491523724072
-0.829068598721153
0.535124475047362
0.965955284551145
1.67682635952169
-0.144818936733358
1.31686346851797
0.489417347654953
0.352619963187238
-1.24374259482298
-0.639034609809694
-1.3718963712678
-0.0134538979091759
-0.0678974775721064
0.197373373842579
0.196900059611106
0.498821895645532
-1.75333308387536
-0.976609594091138
-0.321027747162712
-1.36268373329423
-1.60466264301875
-1.35530883712941
1.41010493638243
1.02129811339602
1.05478425776021
-1.55417738692358
0.96377775193921
0.35313204228499
0.352480218237197
-1.34924046053175
-0.492646988856141
-0.803172710889988
-1.41107760092475
-0.223560908873907
0.496223692447687
1.60237867312331
-0.530488198444206
-0.336052722185063
-0.186572526343966
-1.50347198467423
-1.1450788314655
-0.625318547247484
-0.547080518368555
1.91132987157622
2.4631214212265
-0.839334109605989
0.665015491795773
-0.496116683677356
-2.00923863074434
0.860538777203691
1.28783767666878
-0.485324736336887
0.244093652122783
-0.590090376793741
0.28992520995016
-0.574507857707015
-0.887000537770544
0.0638875618279514
0.0717248606322524
0.0451820302549744
1.92830026859143
-1.0411985614113
-1.3564909262616
-0.528703100281016
-0.710634753561692
0.257967645621683
-0.157592678039986
0.244911542943398
0.161097116263531
0.239810373688318
-0.578054125103595
-0.973522762146746
0.763483037928876
-0.542687166857002
-1.36621564333293
-1.11709634095565
-0.906722761712926
0.350138054588228
0.00114236640685197
1.05508576227571
0.907396407540956
-0.219577220640556
0.189010691455557
0.529309745105601
0.819543734667791
1.49631608467122
0.256975552192114
0.583795918263579
0.860907282722634
0.679147917736528
-1.18460942349755
-0.674545141635095
0.171450207031441
-1.14402595855423
-1.1454042649108
-1.02257228245383
-2.23176810632621
-1.12290628511145
-0.0668053612159667
-1.07689573888915
-1.81414128028689
0.151599724025322
-0.900276308024407
-0.251908076273936
-0.0350487998978224
-1.2230919284043
-1.71247682913231
-1.2167268330771
-1.85401644890808
-2.18773887549149
-0.881114021039379
0.604015863945832
-1.95646576896015
-1.36119535386057
0.95005690359104
3.28855942630058
3.01160120699226
-0.804077224436484
-0.350689091387438
0.855221769001802
2.71056091273172
0.76613436335088
2.29622670743308
1.84961237583224
2.11977477907694
1.61407034822432
2.54660945730388
2.56423072120969
2.51653079254341
2.6725091285614
2.50513583617195
-1.01463744933165
0.333897489931961
0.780893727252435
1.06269994773854
2.0771573551005
0.939461173474943
-0.0871913736710423
1.17585985676976
0.576042945007898
1.73523209138115
1.10020136652343
0.664546484771664
1.780572627569
0.728953592225336
-0.928033866594127
0.0357122520017567
2.09657328874142
0.0225803424738603
-0.517040139895773
-0.1099420429691
1.55001738893171
-1.30331127267079
-0.873624266011514
-0.0939120528950868
-0.667940757009886
-0.813873728297211
-0.851222001931366
-1.87710786616651
-1.38597136777703
-0.0908338353654241
-0.879348066020029
-0.759679488082812
0.0703088422823198
1.473440027781
1.74767513487792
-1.38545450289332
-1.40790462483307
-0.717464070127035
-1.53405794274649
-1.93714076525247
-0.119869198786544
0.760735996787666
-0.11484077347806
0.64351295547616
-1.17683252131207
0.815705534327633
-0.195318071607812
-0.453652404851644
0.240862768020987
-0.438711181083598
-0.800229452524405
1.21348092020365
1.20440228423696
-0.38520513689029
1.47556970253333
1.30852662937514
2.04049344885867
-0.456782308869678
-0.0212403716665785
0.203001936710484
-0.246110096583036
0.066843454668469
0.24364809544988
1.55722478258791
0.696338460905914
-0.971144226524479
0.197810316100755
-0.348188039644587
-0.643054670016343
-1.40912978603891
0.363331509323574
3.05815733281402
2.54691096181938
1.28226702181099
-1.12491631521477
0.878925766863151
0.515684133898041
0.404650549568987
-0.983123048783101
-0.725322330673843
0.188847496154311
-1.56103063241872
0.389210168325282
0.33741743550576
1.14385730605325
0.195183398187148
0.101334614084327
0.120330355717936
-1.67139564244912
-1.61740240524506
-0.493340927820384
0.42408706208954
0.336858934284193
1.83022994269303
-0.349627125482848
-0.514762105778672
0.238053033083697
-0.928057795523928
-0.345536714222583
1.7541024454226
-0.974274130542513
1.12681512224864
0.49611601226358
-0.277554146077973
-1.46501819448325
-1.55763751017287
-0.427220508992926
0.630888052112897
0.306300733770507
-0.386531278179888
-0.208221029135368
-0.0250785720067364
0.920117026623424
0.25326704665148
-0.833658167457077
-1.14767272745598
-0.842014149743755
0.846492495410221
0.0787248383249398
-0.0375541588480377
0.209021976869941
0.665680716044254
-0.0776638309812838
0.334360754012918
0.96780259793182
0.766067362347436
0.242845519144338
-1.09165988857667
-0.105303659216381
-0.510459684200365
0.26404798668424
-0.40550979098404
-0.314781339327333
0.0210956480953975
0.658856185264871
-0.0691700180589493
0.368045987073062
0.432820642888485
-1.21521452471365
0.215453116043388
0.629126882879508
0.282750838217079
-0.346314404441131
0.174167576299697
0.632721008135691
0.315285568332368
0.547916880919235
-0.150125894784731
-0.88807733961161
0.292938819369359
-0.578657134134592
-0.751132074357722
-1.432623209318
0.111349349784844
0.0946957718002033
-0.335500921063841
-0.620939553093813
-0.245737762435325
-0.225530738375165
0.910583740990513
0.984677279227826
-0.0720950904378826
0.384185571645566
-0.0956832722789926
-0.733864958612972
0.140091344526597
-0.371441695047073
0.104666956848481
-0.314248202771356
-0.276092088467103
0.294722481796761
0.445184720916911
0.870110349124285
-1.11941266136043
0.695218586991205
-0.312167343035819
0.349732698517391
-0.922903504044689
0.210909012274086
-0.264028557796983
-0.816558554220937
0.639708255637724
0.255512058845455
0.0959281116849797
0.662096162359992
-0.133415844525759
0.0591072316636495
-0.390164646880945
-0.648242461997305
-0.10674896657639
-0.458777981615122
-0.00464565884924998
-0.344927005091241
0.113714485206422
-0.237902952239724
-0.356056350341911
-0.842119437034882
-0.723125654918066
0.554492550828682
-0.0836072985653761
-1.81163831422965
-0.367521657766994
0.177549691237839
-0.190218816667116
0.324269924315633
-1.54165777085144
-0.629544396250426
-0.291742565714465
-0.260744551471027
-0.082442916841236
0.0827341305131783
0.0249543794573251
0.485773928803379
0.00442737774785918
-0.121914643705974
0.122745741892098
-0.370496502319914
-0.0745669488863758
-0.316542987139318
-0.50651141078312
-0.0296131042041175
0.450824291092525
-0.318371635954747
-0.857965174349424
-0.556934451660806
-0.999045358673008
0.96683108338188
-0.421656554235485
0.817653349213473
-0.0208589445255429
0.352384981096587
0.193182939655744
0.0673865935171031
-0.710567752558248
0.429506486110979
-2.0383170662391
-0.856649083210342
-1.03971496776361
-0.289078797248964
-1.65699999828055
-0.824163168111849
-0.343409910941827
-0.0656893159300256
-0.685853953859276
-0.261268116455084
-0.47246054367561
0.575033144170275
-0.543438535252769
0.213431600053759
0.163432579812156
0.490631980131676
-0.358373149325291
-0.503821799073434
-0.181252168091904
-0.991033952975472
-0.254376106093661
-1.23184034513972
-0.836663641040144
0.303006198715439
-0.285736404334292
-0.303006391550619
-0.804134653868007
0.173393236131321
0.346450606505819
0.445853773794161
-0.349117439278077
-0.248774343627133
-0.486645613261929
0.0650407926708041
0.18093180617598
-1.0141492991637
-0.0528519236701259
-0.354758445189478
-0.521012342242819
-0.453805550002374
0.0776183167530596
-0.396211008863184
-1.13558861790623
0.161911178455377
-0.638015237400151
0.21274914697582
0.810847961577931
-0.20760844853245
0.466139763322666
-0.374495983646934
-0.00187129087020642
0.312688800870311
0.00837349756142177
1.0064861058489
0.67674545318446
1.35422131372405
-0.654731987759467
0.947247647232346
1.70623980003367
0.691614890163101
0.417176865741467
0.788972133953416
0.353568027385973
-0.234849142218458
-0.524022601611846
0.614032513960733
0.597459337180225
-0.00561621624199813
0.798500633800366
0.363153478085851
0.75258101751132
-0.122620547135118
0.0437928616000149
0.431312163153799
1.06466211998226
0.5580101035095
0.375538613572502
1.52548545009923
1.83031608684032
0.596746255072141
0.768211394457649
0.172545673437753
0.305909256478955
0.60157032732012
0.771159438609192
0.378629274145662
-0.651783943607925
0.0715340513460153
1.2600753323131
-0.570526083788048
-0.00730033432142652
1.76513368206108
0.57979021541481
0.490713338493001
1.30431513773008
0.0504267252310039
0.448558221440324
-0.395034662674143
0.766282722715649
0.0368885981907976
-0.396262695351555
0.618320578181158
-0.0742185436684662
0.593554135836623
0.886965887276449
0.547127226235786
-0.0445270489921899
0.451056880290195
0.263054457518882
-0.383543990583471
0.27859821173933
1.12167518812728
-0.204427815183237
0.482782812578194
0.154648748260627
0.456605999111159
-0.749351761980492
-0.115070491204154
0.258172477260784
0.0422218541360223
0.51551184560347
0.151074244726882
1.34030424815151
0.361210927564566
1.08436998656676
0.200254416990678
-0.390099560191885
-0.255657739573828
0.0479954741763838
-0.455313072579867
-0.281800095381948
0.149401133955162
-0.439161044963866
0.325211766992619
0.702033546198667
0.233555830016806
0.577311178287377
0.330088482886161
0.469167730099746
0.482113759700944
0.115524948035202
0.385303531245892
0.215428708534991
-0.070456437325077
-0.438486249143464
-1.10212640247184
0.964543477692858
-0.0211470488403528
0.353632156917841
0.0414489879897221
1.15784137262924
-0.838673671143468
-0.675464012539472
1.93503386943757
1.51462171596935
0.605078308429018
-0.131100959856764
2.59622848614023
0.353173678622844
-0.230805631660604
-0.296074659165725
-1.03167006156435
0.798495848014406
-0.72318787013555
-0.504166375662575
0.369671239985179
0.0133581329283687
-0.644102757141648
-0.865933507973318
-0.756999447945046
0.0869755333204912
-0.665763224397951
0.112416101475394
0.023810241607797
-0.389380735140648
0.099965879299682
-0.165982160828386
-0.0234609763521562
0.422464202070403
0.848191449426126
0.0863745821774568
0.846004345242271
-0.0956272785832572
0.0217310090394865
0.398002135712943
-1.25452497059152
0.0444797257368728
0.51305290877707
1.40167238152039
1.09024214594005
0.151896921333457
-0.0240280919884513
0.0501074654495925
0.105086191698603
1.32504716251008
0.255842278076715
-1.1976219755236
-0.0552563025365789
-0.390998809373825
-0.996700323552463
-0.74916033054208
-0.110920736197981
-0.0302314277501878
0.566586231950352
0.267327685802831
-0.288356622147555
0.177898575034344
0.599933588521699
1.02464816356822
-0.442477594634351
-1.00787513376976
0.200194116087578
-0.302370360596495
-0.00982148636531079
-0.601911268115673
-0.0910980107504324
-1.09947507704983
-0.037655617510396
0.0544759787320109
0.505682319819617
0.134963374870139
0.164205005666148
-0.696669830129547
0.0793541691787188
-0.757755602126773
-0.11699724863177
